1 ; 17654
2 ; 70636
3 ; 25179
4 ; 86836
5 ; 98773
6 ; 44102
7 ; 88590
8 ; 68690
9 ; 98955
10 ; 28791
11 ; 29409
12 ; 36440
13 ; 4578
14 ; 76433
15 ; 57644
16 ; 38485
17 ; 70359
18 ; 17741
19 ; 46507
20 ; 54818
21 ; 43216
22 ; 97267
23 ; 42901
24 ; 67321
25 ; 55469
26 ; 3362
27 ; 33176
28 ; 92375
29 ; 96752
30 ; 15147
31 ; 48542
32 ; 72640
33 ; 24013
34 ; 38333
35 ; 44495
36 ; 74897
37 ; 18969
38 ; 51791
39 ; 38650
40 ; 90815
41 ; 52401
42 ; 36745
43 ; 41341
44 ; 87528
45 ; 64662
46 ; 10445
47 ; 63377
48 ; 4887
49 ; 21765
50 ; 36216
51 ; 35313
52 ; 46264
53 ; 56437
54 ; 31745
55 ; 22623
56 ; 59798
57 ; 53507
58 ; 47492
59 ; 71150
60 ; 56930
61 ; 89005
62 ; 37079
63 ; 67199
64 ; 65128
65 ; 82348
66 ; 91563
67 ; 46656
68 ; 61666
69 ; 70984
70 ; 59440
71 ; 37506
72 ; 85327
73 ; 66875
74 ; 24270
75 ; 70121
76 ; 72916
77 ; 4190
78 ; 61793
79 ; 39703
80 ; 17449
81 ; 37584
82 ; 48414
83 ; 55242
84 ; 94904
85 ; 438
86 ; 42929
87 ; 59381
88 ; 56388
89 ; 82432
90 ; 13366
91 ; 53547
92 ; 32626
93 ; 35836
94 ; 30825
95 ; 12734
96 ; 47613
97 ; 69879
98 ; 2176
99 ; 24313
100 ; 88332
101 ; 42585
102 ; 63507
103 ; 35231
104 ; 27398
105 ; 9440
106 ; 6183
107 ; 41993
108 ; 45507
109 ; 38274
110 ; 57405
111 ; 7787
112 ; 50562
113 ; 49727
114 ; 87124
115 ; 41134
116 ; 40360
117 ; 92675
118 ; 63213
119 ; 20437
120 ; 5701
121 ; 13998
122 ; 26742
123 ; 98800
124 ; 20807
125 ; 32045
126 ; 9253
127 ; 73504
128 ; 17920
129 ; 73204
130 ; 63899
131 ; 54494
132 ; 92954
133 ; 80917
134 ; 32328
135 ; 16275
136 ; 39073
137 ; 56538
138 ; 19181
139 ; 67579
140 ; 55082
141 ; 41402
142 ; 96084
143 ; 23173
144 ; 25490
145 ; 99477
146 ; 7009
147 ; 12203
148 ; 19132
149 ; 9981
150 ; 96872
151 ; 7425
152 ; 3219
153 ; 29331
154 ; 35253
155 ; 9717
156 ; 19690
157 ; 31807
158 ; 57104
159 ; 72236
160 ; 20754
161 ; 88294
162 ; 92331
163 ; 98598
164 ; 10469
165 ; 92498
166 ; 6112
167 ; 99461
168 ; 89273
169 ; 93984
170 ; 21830
171 ; 41873
172 ; 48296
173 ; 47435
174 ; 48510
175 ; 75778
176 ; 10373
177 ; 37493
178 ; 84608
179 ; 72037
180 ; 64594
181 ; 88560
182 ; 20053
183 ; 56357
184 ; 91300
185 ; 18937
186 ; 8403
187 ; 73480
188 ; 24369
189 ; 48671
190 ; 30993
191 ; 66035
192 ; 47689
193 ; 20496
194 ; 24949
195 ; 2403
196 ; 72690
197 ; 43221
198 ; 96944
199 ; 37986
200 ; 93794
201 ; 16968
202 ; 94577
203 ; 44245
204 ; 68680
205 ; 49612
206 ; 57236
207 ; 89892
208 ; 20225
209 ; 23810
210 ; 18332
211 ; 8601
212 ; 6995
213 ; 23994
214 ; 80777
215 ; 37618
216 ; 59179
217 ; 82691
218 ; 37577
219 ; 61647
220 ; 26810
221 ; 55563
222 ; 59413
223 ; 46381
224 ; 37180
225 ; 84531
226 ; 21102
227 ; 96060
228 ; 8302
229 ; 58355
230 ; 88785
231 ; 19424
232 ; 15307
233 ; 30055
234 ; 39741
235 ; 38440
236 ; 56639
237 ; 544
238 ; 36691
239 ; 24184
240 ; 16935
241 ; 27838
242 ; 28471
243 ; 94233
244 ; 73459
245 ; 71239
246 ; 98944
247 ; 55970
248 ; 42963
249 ; 29847
250 ; 36029
251 ; 30151
252 ; 15857
253 ; 84782
254 ; 42729
255 ; 39129
256 ; 74552
257 ; 4496
258 ; 62017
259 ; 94096
260 ; 42868
261 ; 22544
262 ; 37470
263 ; 65723
264 ; 63359
265 ; 47187
266 ; 81515
267 ; 72579
268 ; 49453
269 ; 12219
270 ; 73179
271 ; 71695
272 ; 9270
273 ; 28359
274 ; 57187
275 ; 85647
276 ; 87985
277 ; 44626
278 ; 66324
279 ; 50547
280 ; 25636
281 ; 79033
282 ; 38893
283 ; 19299
284 ; 77227
285 ; 28003
286 ; 53183
287 ; 4508
288 ; 92008
289 ; 13863
290 ; 50794
291 ; 95411
292 ; 98822
293 ; 79805
294 ; 70707
295 ; 33206
296 ; 94369
297 ; 91679
298 ; 65970
299 ; 79157
300 ; 81278
301 ; 55998
302 ; 24878
303 ; 59842
304 ; 52867
305 ; 13534
306 ; 68519
307 ; 23932
308 ; 71447
309 ; 17861
310 ; 46565
311 ; 94861
312 ; 37057
313 ; 58253
314 ; 3174
315 ; 53774
316 ; 93513
317 ; 36276
318 ; 34891
319 ; 37122
320 ; 68626
321 ; 55479
322 ; 12409
323 ; 83282
324 ; 95478
325 ; 33533
326 ; 88083
327 ; 12572
328 ; 11633
329 ; 96220
330 ; 61049
331 ; 75043
332 ; 83143
333 ; 62621
334 ; 21842
335 ; 50418
336 ; 50243
337 ; 80896
338 ; 48379
339 ; 34552
340 ; 41593
341 ; 24025
342 ; 75191
343 ; 96797
344 ; 53958
345 ; 4883
346 ; 7756
347 ; 42633
348 ; 44184
349 ; 20026
350 ; 3843
351 ; 65950
352 ; 30357
353 ; 81565
354 ; 93712
355 ; 25360
356 ; 49022
357 ; 46497
358 ; 61058
359 ; 28894
360 ; 65323
361 ; 2877
362 ; 56572
363 ; 61483
364 ; 82954
365 ; 22198
366 ; 65999
367 ; 39588
368 ; 50786
369 ; 37354
370 ; 4556
371 ; 27346
372 ; 13049
373 ; 55574
374 ; 59597
375 ; 98616
376 ; 99949
377 ; 65677
378 ; 53394
379 ; 79309
380 ; 5581
381 ; 49052
382 ; 47907
383 ; 54349
384 ; 50028
385 ; 53717
386 ; 63429
387 ; 73672
388 ; 72515
389 ; 40839
390 ; 32965
391 ; 41619
392 ; 52485
393 ; 63090
394 ; 64233
395 ; 24097
396 ; 5492
397 ; 84217
398 ; 31154
399 ; 57896
400 ; 50761
401 ; 99194
402 ; 66713
403 ; 96527
404 ; 97313
405 ; 64339
406 ; 79058
407 ; 76954
408 ; 45512
409 ; 96762
410 ; 62720
411 ; 41610
412 ; 50922
413 ; 52529
414 ; 26823
415 ; 46
416 ; 47342
417 ; 42909
418 ; 12160
419 ; 64620
420 ; 75893
421 ; 98079
422 ; 19016
423 ; 44572
424 ; 17039
425 ; 37674
426 ; 17602
427 ; 32880
428 ; 72411
429 ; 57540
430 ; 62985
431 ; 70259
432 ; 93308
433 ; 92073
434 ; 86387
435 ; 20685
436 ; 2759
437 ; 61526
438 ; 84720
439 ; 42822
440 ; 8006
441 ; 63642
442 ; 80242
443 ; 91718
444 ; 50301
445 ; 19008
446 ; 72207
447 ; 35146
448 ; 88876
449 ; 29485
450 ; 52381
451 ; 18979
452 ; 65969
453 ; 59109
454 ; 6295
455 ; 65951
456 ; 49782
457 ; 96820
458 ; 72122
459 ; 42203
460 ; 2242
461 ; 10405
462 ; 79046
463 ; 75967
464 ; 68442
465 ; 51027
466 ; 36993
467 ; 62783
468 ; 34636
469 ; 17717
470 ; 99606
471 ; 41605
472 ; 51665
473 ; 41195
474 ; 72341
475 ; 76191
476 ; 70685
477 ; 96412
478 ; 87552
479 ; 26129
480 ; 88082
481 ; 3168
482 ; 18443
483 ; 41901
484 ; 46428
485 ; 24199
486 ; 53761
487 ; 68329
488 ; 88383
489 ; 20093
490 ; 5114
491 ; 90810
492 ; 10390
493 ; 70423
494 ; 68766
495 ; 8689
496 ; 13051
497 ; 20464
498 ; 13817
499 ; 70160
500 ; 95068
501 ; 62867
502 ; 18612
503 ; 53064
504 ; 87596
505 ; 13673
506 ; 27274
507 ; 25961
508 ; 75917
509 ; 92042
510 ; 48222
511 ; 73850
512 ; 5287
513 ; 63055
514 ; 66570
515 ; 22912
516 ; 17833
517 ; 52992
518 ; 92251
519 ; 48653
520 ; 17390
521 ; 96433
522 ; 15771
523 ; 1821
524 ; 9135
525 ; 24583
526 ; 93448
527 ; 36466
528 ; 10902
529 ; 54169
530 ; 34024
531 ; 74530
532 ; 83054
533 ; 86307
534 ; 8513
535 ; 91335
536 ; 73783
537 ; 74705
538 ; 55172
539 ; 56337
540 ; 26715
541 ; 72572
542 ; 1460
543 ; 13537
544 ; 47693
545 ; 17617
546 ; 74865
547 ; 35913
548 ; 77619
549 ; 64506
550 ; 24474
551 ; 38248
552 ; 68223
553 ; 24157
554 ; 25163
555 ; 82732
556 ; 7633
557 ; 19246
558 ; 86271
559 ; 61715
560 ; 92633
561 ; 15300
562 ; 36650
563 ; 91983
564 ; 94468
565 ; 36743
566 ; 7955
567 ; 4928
568 ; 15085
569 ; 27293
570 ; 88044
571 ; 67000
572 ; 80670
573 ; 64053
574 ; 66382
575 ; 14796
576 ; 69377
577 ; 84701
578 ; 43302
579 ; 39182
580 ; 20099
581 ; 37135
582 ; 25015
583 ; 2811
584 ; 19177
585 ; 10954
586 ; 76234
587 ; 25412
588 ; 11913
589 ; 60151
590 ; 52288
591 ; 21228
592 ; 35759
593 ; 76392
594 ; 82610
595 ; 22981
596 ; 22060
597 ; 22258
598 ; 27460
599 ; 76730
600 ; 63235
601 ; 83815
602 ; 79770
603 ; 42009
604 ; 92252
605 ; 51909
606 ; 33978
607 ; 81605
608 ; 71292
609 ; 91529
610 ; 93732
611 ; 75369
612 ; 36458
613 ; 8648
614 ; 40334
615 ; 42416
616 ; 95424
617 ; 73890
618 ; 33804
619 ; 6107
620 ; 24882
621 ; 12408
622 ; 68429
623 ; 86172
624 ; 64669
625 ; 19354
626 ; 54691
627 ; 52363
628 ; 55453
629 ; 10305
630 ; 49426
631 ; 24001
632 ; 16841
633 ; 66025
634 ; 6107
635 ; 49796
636 ; 12803
637 ; 80939
638 ; 67114
639 ; 52320
640 ; 1264
641 ; 74697
642 ; 69880
643 ; 71501
644 ; 14759
645 ; 76188
646 ; 88766
647 ; 91512
648 ; 69010
649 ; 39405
650 ; 84566
651 ; 85437
652 ; 46320
653 ; 506
654 ; 83497
655 ; 62090
656 ; 50629
657 ; 35471
658 ; 57557
659 ; 49345
660 ; 81146
661 ; 27718
662 ; 28126
663 ; 98376
664 ; 21387
665 ; 5050
666 ; 64687
667 ; 43168
668 ; 90541
669 ; 55320
670 ; 533
671 ; 99670
672 ; 53997
673 ; 80177
674 ; 37347
675 ; 38979
676 ; 39937
677 ; 96274
678 ; 60521
679 ; 18920
680 ; 58856
681 ; 43315
682 ; 37091
683 ; 8397
684 ; 72881
685 ; 8306
686 ; 18171
687 ; 88898
688 ; 11779
689 ; 25401
690 ; 17745
691 ; 67513
692 ; 82513
693 ; 60701
694 ; 89707
695 ; 85867
696 ; 69231
697 ; 41392
698 ; 75017
699 ; 59308
700 ; 70558
701 ; 38600
702 ; 40851
703 ; 30759
704 ; 71066
705 ; 63315
706 ; 83609
707 ; 73579
708 ; 93805
709 ; 84799
710 ; 17683
711 ; 27840
712 ; 30757
713 ; 30810
714 ; 21822
715 ; 4358
716 ; 98096
717 ; 79047
718 ; 65004
719 ; 40887
720 ; 13131
721 ; 99178
722 ; 83669
723 ; 44833
724 ; 39803
725 ; 54835
726 ; 32191
727 ; 6859
728 ; 99607
729 ; 24931
730 ; 78480
731 ; 19775
732 ; 94822
733 ; 53704
734 ; 66557
735 ; 87066
736 ; 40925
737 ; 88834
738 ; 18017
739 ; 55454
740 ; 55049
741 ; 17032
742 ; 94214
743 ; 55844
744 ; 97384
745 ; 56456
746 ; 91080
747 ; 87063
748 ; 12370
749 ; 15339
750 ; 88426
751 ; 26726
752 ; 66577
753 ; 76213
754 ; 25616
755 ; 3643
756 ; 30141
757 ; 15077
758 ; 25476
759 ; 16113
760 ; 98622
761 ; 14919
762 ; 38330
763 ; 30500
764 ; 2176
765 ; 82932
766 ; 28020
767 ; 44447
768 ; 98899
769 ; 30830
770 ; 71795
771 ; 49128
772 ; 99231
773 ; 27617
774 ; 95947
775 ; 74882
776 ; 18284
777 ; 84192
778 ; 19057
779 ; 54634
780 ; 2984
781 ; 79172
782 ; 24740
783 ; 89457
784 ; 30881
785 ; 85288
786 ; 35750
787 ; 50657
788 ; 27525
789 ; 5759
790 ; 11335
791 ; 2765
792 ; 99261
793 ; 79984
794 ; 39702
795 ; 81790
796 ; 28339
797 ; 67959
798 ; 47479
799 ; 13131
800 ; 27193
801 ; 72775
802 ; 98044
803 ; 3504
804 ; 98786
805 ; 10571
806 ; 592
807 ; 91276
808 ; 99877
809 ; 87336
810 ; 1824
811 ; 89566
812 ; 54092
813 ; 91906
814 ; 82124
815 ; 6495
816 ; 11683
817 ; 64564
818 ; 28109
819 ; 76964
820 ; 2830
821 ; 50585
822 ; 3414
823 ; 90326
824 ; 81382
825 ; 98128
826 ; 89600
827 ; 48330
828 ; 5901
829 ; 9835
830 ; 19052
831 ; 37722
832 ; 54881
833 ; 7515
834 ; 71741
835 ; 51858
836 ; 23027
837 ; 19289
838 ; 57736
839 ; 45724
840 ; 95459
841 ; 48576
842 ; 57325
843 ; 58728
844 ; 46726
845 ; 34280
846 ; 40633
847 ; 89633
848 ; 61497
849 ; 61574
850 ; 38606
851 ; 58028
852 ; 23803
853 ; 32637
854 ; 87237
855 ; 36680
856 ; 71718
857 ; 56730
858 ; 16908
859 ; 89176
860 ; 64332
861 ; 68984
862 ; 8729
863 ; 97199
864 ; 57918
865 ; 37272
866 ; 89735
867 ; 11841
868 ; 38140
869 ; 66539
870 ; 88837
871 ; 13300
872 ; 5201
873 ; 59978
874 ; 25379
875 ; 13365
876 ; 58790
877 ; 46405
878 ; 52195
879 ; 85039
880 ; 79713
881 ; 33227
882 ; 25029
883 ; 53687
884 ; 55071
885 ; 94371
886 ; 20200
887 ; 34090
888 ; 43877
889 ; 52543
890 ; 72382
891 ; 47761
892 ; 29974
893 ; 65207
894 ; 54376
895 ; 4918
896 ; 59129
897 ; 73643
898 ; 70753
899 ; 85480
900 ; 7186
901 ; 24465
902 ; 87231
903 ; 3452
904 ; 76148
905 ; 22983
906 ; 67680
907 ; 89099
908 ; 65065
909 ; 27769
910 ; 40613
911 ; 73253
912 ; 12595
913 ; 45808
914 ; 67041
915 ; 8156
916 ; 58130
917 ; 37617
918 ; 31576
919 ; 9190
920 ; 18344
921 ; 91694
922 ; 28654
923 ; 51892
924 ; 26045
925 ; 77678
926 ; 65736
927 ; 8608
928 ; 28217
929 ; 37599
930 ; 55394
931 ; 59176
932 ; 90102
933 ; 24585
934 ; 18127
935 ; 60003
936 ; 2223
937 ; 48407
938 ; 67799
939 ; 5924
940 ; 37205
941 ; 37234
942 ; 1567
943 ; 69194
944 ; 53283
945 ; 74976
946 ; 66180
947 ; 50023
948 ; 91356
949 ; 23583
950 ; 22514
951 ; 22992
952 ; 62475
953 ; 89687
954 ; 80230
955 ; 13752
956 ; 72638
957 ; 44947
958 ; 24423
959 ; 90373
960 ; 81760
961 ; 59487
962 ; 6134
963 ; 3705
964 ; 43700
965 ; 57792
966 ; 18611
967 ; 61152
968 ; 24220
969 ; 56438
970 ; 31179
971 ; 68209
972 ; 43742
973 ; 93038
974 ; 2610
975 ; 22153
976 ; 41793
977 ; 5765
978 ; 45859
979 ; 92252
980 ; 9998
981 ; 72850
982 ; 66034
983 ; 70880
984 ; 90506
985 ; 71399
986 ; 43493
987 ; 29899
988 ; 86720
989 ; 64938
990 ; 83929
991 ; 66692
992 ; 83209
993 ; 79029
994 ; 7325
995 ; 74219
996 ; 21666
997 ; 74356
998 ; 97642
999 ; 19471
1000 ; 29811
