1 ; 76644
2 ; 85139
3 ; 64701
4 ; 50080
5 ; 72792
6 ; 83172
7 ; 15797
8 ; 65013
9 ; 32584
10 ; 51367
11 ; 32182
12 ; 66179
13 ; 65372
14 ; 7035
15 ; 82617
16 ; 63543
17 ; 71084
18 ; 56699
19 ; 81266
20 ; 82135
21 ; 94952
22 ; 69621
23 ; 88421
24 ; 42891
25 ; 45322
26 ; 65191
27 ; 10244
28 ; 74562
29 ; 83920
30 ; 36056
31 ; 81909
32 ; 53541
33 ; 47965
34 ; 78874
35 ; 68519
36 ; 18500
37 ; 13485
38 ; 54555
39 ; 68168
40 ; 56708
41 ; 59218
42 ; 49866
43 ; 51528
44 ; 8898
45 ; 40481
46 ; 62289
47 ; 22338
48 ; 89571
49 ; 32369
50 ; 79981
51 ; 33160
52 ; 69599
53 ; 51664
54 ; 78740
55 ; 40788
56 ; 18009
57 ; 16836
58 ; 7833
59 ; 35682
60 ; 49824
61 ; 55502
62 ; 86562
63 ; 29790
64 ; 76831
65 ; 18715
66 ; 83453
67 ; 37159
68 ; 8157
69 ; 11477
70 ; 99938
71 ; 31683
72 ; 97518
73 ; 98825
74 ; 30395
75 ; 16377
76 ; 84030
77 ; 96884
78 ; 20443
79 ; 88552
80 ; 23448
81 ; 8257
82 ; 95344
83 ; 35263
84 ; 56706
85 ; 11122
86 ; 80401
87 ; 43399
88 ; 12639
89 ; 61420
90 ; 85227
91 ; 58808
92 ; 91763
93 ; 17496
94 ; 73745
95 ; 78810
96 ; 27978
97 ; 46586
98 ; 91821
99 ; 12490
100 ; 75081
101 ; 22508
102 ; 74375
103 ; 93134
104 ; 14957
105 ; 73940
106 ; 3867
107 ; 77194
108 ; 34324
109 ; 92662
110 ; 42021
111 ; 14147
112 ; 66907
113 ; 61127
114 ; 6671
115 ; 21633
116 ; 47923
117 ; 8753
118 ; 15597
119 ; 50232
120 ; 77735
121 ; 56294
122 ; 69223
123 ; 72275
124 ; 41567
125 ; 57670
126 ; 94066
127 ; 79045
128 ; 82152
129 ; 98642
130 ; 18797
131 ; 20758
132 ; 72178
133 ; 61688
134 ; 4795
135 ; 73688
136 ; 83415
137 ; 16472
138 ; 3069
139 ; 68817
140 ; 99403
141 ; 45269
142 ; 59418
143 ; 66383
144 ; 68557
145 ; 62730
146 ; 39719
147 ; 10704
148 ; 44594
149 ; 39355
150 ; 97192
151 ; 49643
152 ; 11122
153 ; 88055
154 ; 53547
155 ; 53108
156 ; 37296
157 ; 23169
158 ; 15859
159 ; 14941
160 ; 61399
161 ; 51325
162 ; 1075
163 ; 72583
164 ; 49227
165 ; 3506
166 ; 90002
167 ; 28887
168 ; 24158
169 ; 67705
170 ; 82665
171 ; 10461
172 ; 15766
173 ; 31538
174 ; 76909
175 ; 46896
176 ; 23882
177 ; 94196
178 ; 42120
179 ; 5281
180 ; 44936
181 ; 57104
182 ; 9930
183 ; 64360
184 ; 57504
185 ; 52675
186 ; 53799
187 ; 62710
188 ; 13888
189 ; 20510
190 ; 79334
191 ; 5323
192 ; 34640
193 ; 90449
194 ; 97225
195 ; 62959
196 ; 52885
197 ; 81824
198 ; 674
199 ; 48648
200 ; 5323
201 ; 78299
202 ; 19192
203 ; 5714
204 ; 16789
205 ; 87675
206 ; 70640
207 ; 91696
208 ; 75238
209 ; 46026
210 ; 83380
211 ; 92549
212 ; 44042
213 ; 75549
214 ; 10425
215 ; 51488
216 ; 8457
217 ; 55500
218 ; 7455
219 ; 46855
220 ; 3153
221 ; 15587
222 ; 96577
223 ; 3387
224 ; 17671
225 ; 11205
226 ; 87690
227 ; 71258
228 ; 26681
229 ; 89878
230 ; 79364
231 ; 57264
232 ; 41927
233 ; 8287
234 ; 11065
235 ; 42540
236 ; 32719
237 ; 9260
238 ; 88634
239 ; 71169
240 ; 11861
241 ; 18099
242 ; 54881
243 ; 44065
244 ; 33879
245 ; 67616
246 ; 27168
247 ; 2507
248 ; 2433
249 ; 11253
250 ; 73867
251 ; 35697
252 ; 33779
253 ; 33669
254 ; 51546
255 ; 96709
256 ; 73162
257 ; 18159
258 ; 74791
259 ; 61223
260 ; 11020
261 ; 80281
262 ; 40503
263 ; 13400
264 ; 95858
265 ; 27078
266 ; 78571
267 ; 93278
268 ; 90680
269 ; 51250
270 ; 50788
271 ; 90075
272 ; 69858
273 ; 19669
274 ; 69880
275 ; 15760
276 ; 3291
277 ; 65603
278 ; 60527
279 ; 43271
280 ; 24761
281 ; 44029
282 ; 34258
283 ; 43760
284 ; 31326
285 ; 59399
286 ; 78
287 ; 7235
288 ; 10660
289 ; 25250
290 ; 82722
291 ; 80976
292 ; 43184
293 ; 65021
294 ; 70393
295 ; 10099
296 ; 75882
297 ; 13458
298 ; 63873
299 ; 14642
300 ; 14673
301 ; 27975
302 ; 48875
303 ; 87552
304 ; 32213
305 ; 69361
306 ; 63509
307 ; 47944
308 ; 37995
309 ; 61186
310 ; 82742
311 ; 34010
312 ; 7641
313 ; 87301
314 ; 91730
315 ; 69947
316 ; 18232
317 ; 36796
318 ; 69882
319 ; 91289
320 ; 86586
321 ; 55795
322 ; 57551
323 ; 63012
324 ; 57327
325 ; 15460
326 ; 27212
327 ; 74778
328 ; 37637
329 ; 55584
330 ; 31009
331 ; 47721
332 ; 25570
333 ; 13143
334 ; 46542
335 ; 37109
336 ; 28783
337 ; 95181
338 ; 92775
339 ; 65299
340 ; 20584
341 ; 5415
342 ; 37930
343 ; 69328
344 ; 30150
345 ; 83916
346 ; 71258
347 ; 97533
348 ; 13808
349 ; 69254
350 ; 60543
351 ; 39570
352 ; 4235
353 ; 42484
354 ; 67223
355 ; 24199
356 ; 84479
357 ; 62335
358 ; 41016
359 ; 69230
360 ; 83639
361 ; 50992
362 ; 65893
363 ; 17978
364 ; 41121
365 ; 39833
366 ; 79312
367 ; 46632
368 ; 36304
369 ; 34505
370 ; 36559
371 ; 76881
372 ; 30526
373 ; 8714
374 ; 42081
375 ; 78204
376 ; 18242
377 ; 86094
378 ; 19694
379 ; 94171
380 ; 34240
381 ; 19541
382 ; 43521
383 ; 77150
384 ; 13779
385 ; 27382
386 ; 1559
387 ; 65785
388 ; 52546
389 ; 95759
390 ; 13732
391 ; 89620
392 ; 63278
393 ; 6590
394 ; 76312
395 ; 35253
396 ; 75949
397 ; 501
398 ; 54582
399 ; 58381
400 ; 78382
401 ; 34087
402 ; 95618
403 ; 76124
404 ; 44163
405 ; 40884
406 ; 83063
407 ; 23994
408 ; 44744
409 ; 55433
410 ; 5762
411 ; 11887
412 ; 92590
413 ; 9799
414 ; 62151
415 ; 63478
416 ; 12263
417 ; 61929
418 ; 72251
419 ; 73388
420 ; 86307
421 ; 65218
422 ; 19164
423 ; 66491
424 ; 72817
425 ; 38663
426 ; 91929
427 ; 93759
428 ; 41555
429 ; 46980
430 ; 51624
431 ; 48994
432 ; 25501
433 ; 50054
434 ; 92585
435 ; 40836
436 ; 34713
437 ; 31098
438 ; 20615
439 ; 4426
440 ; 29356
441 ; 62904
442 ; 20063
443 ; 87081
444 ; 98794
445 ; 21549
446 ; 31642
447 ; 92378
448 ; 43607
449 ; 6942
450 ; 12869
451 ; 17004
452 ; 7420
453 ; 79575
454 ; 2991
455 ; 64760
456 ; 55397
457 ; 72869
458 ; 64283
459 ; 72086
460 ; 46311
461 ; 90475
462 ; 21587
463 ; 29479
464 ; 95020
465 ; 47910
466 ; 71966
467 ; 33199
468 ; 72270
469 ; 67907
470 ; 86355
471 ; 51605
472 ; 38657
473 ; 88854
474 ; 75073
475 ; 40530
476 ; 59664
477 ; 95684
478 ; 39081
479 ; 92046
480 ; 98609
481 ; 32610
482 ; 78858
483 ; 51003
484 ; 34412
485 ; 7067
486 ; 82766
487 ; 83720
488 ; 1033
489 ; 44243
490 ; 66786
491 ; 33196
492 ; 95467
493 ; 1567
494 ; 87492
495 ; 45224
496 ; 51173
497 ; 2531
498 ; 143
499 ; 99770
500 ; 23800
501 ; 99236
502 ; 83774
503 ; 32011
504 ; 86099
505 ; 23005
506 ; 5142
507 ; 77387
508 ; 78887
509 ; 32472
510 ; 43427
511 ; 25057
512 ; 14939
513 ; 18499
514 ; 47537
515 ; 14130
516 ; 82691
517 ; 75307
518 ; 47919
519 ; 57036
520 ; 46613
521 ; 97195
522 ; 94728
523 ; 24430
524 ; 91147
525 ; 10211
526 ; 44237
527 ; 75988
528 ; 5067
529 ; 98172
530 ; 65373
531 ; 71483
532 ; 53147
533 ; 32384
534 ; 88237
535 ; 46498
536 ; 32009
537 ; 64453
538 ; 66496
539 ; 87176
540 ; 57024
541 ; 91556
542 ; 75514
543 ; 88359
544 ; 77143
545 ; 53549
546 ; 18100
547 ; 29505
548 ; 64535
549 ; 71282
550 ; 59753
551 ; 52751
552 ; 75902
553 ; 85508
554 ; 65270
555 ; 77500
556 ; 32349
557 ; 5740
558 ; 58594
559 ; 35908
560 ; 14685
561 ; 28461
562 ; 77787
563 ; 63644
564 ; 21028
565 ; 34027
566 ; 46986
567 ; 30295
568 ; 83588
569 ; 21670
570 ; 37236
571 ; 43799
572 ; 91511
573 ; 91956
574 ; 38053
575 ; 13275
576 ; 16641
577 ; 36076
578 ; 11617
579 ; 4623
580 ; 89101
581 ; 41355
582 ; 51447
583 ; 73282
584 ; 19541
585 ; 72341
586 ; 17451
587 ; 8496
588 ; 14949
589 ; 36859
590 ; 69211
591 ; 73495
592 ; 84887
593 ; 96399
594 ; 69392
595 ; 75937
596 ; 85036
597 ; 30213
598 ; 79138
599 ; 53008
600 ; 94915
601 ; 12503
602 ; 17337
603 ; 5534
604 ; 76660
605 ; 12065
606 ; 5629
607 ; 65503
608 ; 11730
609 ; 73770
610 ; 71031
611 ; 31355
612 ; 62419
613 ; 91262
614 ; 28054
615 ; 55421
616 ; 55044
617 ; 30229
618 ; 12184
619 ; 17881
620 ; 31695
621 ; 11649
622 ; 86611
623 ; 71633
624 ; 67406
625 ; 14366
626 ; 94071
627 ; 92420
628 ; 99639
629 ; 6369
630 ; 75683
631 ; 18615
632 ; 66941
633 ; 64173
634 ; 28649
635 ; 15030
636 ; 3658
637 ; 89651
638 ; 24702
639 ; 45117
640 ; 87581
641 ; 83697
642 ; 61163
643 ; 85946
644 ; 87393
645 ; 86115
646 ; 66503
647 ; 70335
648 ; 6800
649 ; 41080
650 ; 32257
651 ; 90495
652 ; 72210
653 ; 97567
654 ; 93190
655 ; 47584
656 ; 60850
657 ; 4113
658 ; 27580
659 ; 81523
660 ; 16180
661 ; 7293
662 ; 99487
663 ; 65471
664 ; 47494
665 ; 13278
666 ; 14899
667 ; 99315
668 ; 60566
669 ; 21858
670 ; 13606
671 ; 86564
672 ; 16239
673 ; 92297
674 ; 68707
675 ; 29015
676 ; 63805
677 ; 50403
678 ; 15599
679 ; 23565
680 ; 46074
681 ; 96180
682 ; 82333
683 ; 95551
684 ; 22995
685 ; 21443
686 ; 43222
687 ; 52984
688 ; 10702
689 ; 96769
690 ; 67550
691 ; 96057
692 ; 82877
693 ; 37160
694 ; 85293
695 ; 66306
696 ; 31275
697 ; 5788
698 ; 41686
699 ; 69790
700 ; 32321
701 ; 65204
702 ; 62552
703 ; 58669
704 ; 16625
705 ; 35385
706 ; 2232
707 ; 5558
708 ; 88309
709 ; 67988
710 ; 96018
711 ; 55030
712 ; 91006
713 ; 96187
714 ; 88951
715 ; 86639
716 ; 67422
717 ; 69483
718 ; 62853
719 ; 73843
720 ; 9322
721 ; 32837
722 ; 33490
723 ; 73202
724 ; 44821
725 ; 59521
726 ; 39715
727 ; 28224
728 ; 59861
729 ; 97050
730 ; 96487
731 ; 22231
732 ; 733
733 ; 35584
734 ; 33624
735 ; 64628
736 ; 54536
737 ; 58153
738 ; 92181
739 ; 44945
740 ; 54436
741 ; 82106
742 ; 316
743 ; 39021
744 ; 6611
745 ; 51135
746 ; 523
747 ; 1721
748 ; 85742
749 ; 87269
750 ; 50106
751 ; 30546
752 ; 95941
753 ; 62195
754 ; 66780
755 ; 34517
756 ; 43982
757 ; 97299
758 ; 41246
759 ; 92704
760 ; 21706
761 ; 51786
762 ; 88652
763 ; 36789
764 ; 44491
765 ; 8265
766 ; 60783
767 ; 42016
768 ; 42641
769 ; 15164
770 ; 90876
771 ; 60921
772 ; 52591
773 ; 95370
774 ; 92921
775 ; 84204
776 ; 4777
777 ; 80434
778 ; 87337
779 ; 63137
780 ; 55077
781 ; 79756
782 ; 74880
783 ; 77856
784 ; 56669
785 ; 44096
786 ; 30677
787 ; 85933
788 ; 19201
789 ; 32796
790 ; 40251
791 ; 35601
792 ; 52135
793 ; 44094
794 ; 49406
795 ; 77992
796 ; 39154
797 ; 17891
798 ; 49864
799 ; 62781
800 ; 40488
801 ; 70361
802 ; 72509
803 ; 51605
804 ; 70054
805 ; 69768
806 ; 10137
807 ; 33623
808 ; 44270
809 ; 12867
810 ; 41557
811 ; 77601
812 ; 49428
813 ; 11276
814 ; 78945
815 ; 4907
816 ; 24490
817 ; 47167
818 ; 10314
819 ; 17760
820 ; 6197
821 ; 7685
822 ; 58972
823 ; 67145
824 ; 33352
825 ; 57443
826 ; 31851
827 ; 94739
828 ; 57160
829 ; 58481
830 ; 78575
831 ; 33246
832 ; 54497
833 ; 97058
834 ; 33151
835 ; 99495
836 ; 90981
837 ; 26661
838 ; 60142
839 ; 64693
840 ; 30730
841 ; 86595
842 ; 77220
843 ; 36202
844 ; 39668
845 ; 5534
846 ; 75950
847 ; 35210
848 ; 79261
849 ; 49412
850 ; 12697
851 ; 4679
852 ; 37562
853 ; 23017
854 ; 91525
855 ; 31940
856 ; 94433
857 ; 84682
858 ; 10961
859 ; 20309
860 ; 67821
861 ; 83428
862 ; 96504
863 ; 94109
864 ; 37963
865 ; 77945
866 ; 90745
867 ; 71458
868 ; 96401
869 ; 46787
870 ; 22990
871 ; 89207
872 ; 16671
873 ; 49150
874 ; 30240
875 ; 14403
876 ; 93546
877 ; 45612
878 ; 51417
879 ; 26651
880 ; 47715
881 ; 38208
882 ; 66707
883 ; 5749
884 ; 42764
885 ; 39216
886 ; 3901
887 ; 8965
888 ; 11331
889 ; 28032
890 ; 83588
891 ; 72351
892 ; 37322
893 ; 5501
894 ; 25109
895 ; 20444
896 ; 91058
897 ; 5088
898 ; 85112
899 ; 18741
900 ; 64221
901 ; 70259
902 ; 50611
903 ; 53332
904 ; 1482
905 ; 57443
906 ; 58405
907 ; 72044
908 ; 75686
909 ; 73966
910 ; 62743
911 ; 71491
912 ; 3462
913 ; 10309
914 ; 23103
915 ; 64400
916 ; 48146
917 ; 76082
918 ; 33966
919 ; 11575
920 ; 6872
921 ; 99089
922 ; 68457
923 ; 52893
924 ; 28726
925 ; 96843
926 ; 57725
927 ; 21698
928 ; 60828
929 ; 79928
930 ; 77944
931 ; 76964
932 ; 69220
933 ; 96563
934 ; 66806
935 ; 37610
936 ; 31428
937 ; 77757
938 ; 41378
939 ; 53337
940 ; 47587
941 ; 92427
942 ; 39201
943 ; 96366
944 ; 66985
945 ; 71841
946 ; 54515
947 ; 8443
948 ; 76926
949 ; 12790
950 ; 91462
951 ; 87500
952 ; 50759
953 ; 18825
954 ; 6168
955 ; 48336
956 ; 1968
957 ; 88973
958 ; 59562
959 ; 41695
960 ; 41193
961 ; 13280
962 ; 52812
963 ; 66121
964 ; 83054
965 ; 84562
966 ; 67256
967 ; 56957
968 ; 99650
969 ; 85752
970 ; 80696
971 ; 86873
972 ; 67623
973 ; 62200
974 ; 81939
975 ; 62285
976 ; 5642
977 ; 38310
978 ; 55450
979 ; 50058
980 ; 49196
981 ; 87889
982 ; 58004
983 ; 18843
984 ; 59569
985 ; 17587
986 ; 59197
987 ; 29456
988 ; 13860
989 ; 72785
990 ; 67706
991 ; 58634
992 ; 72950
993 ; 25334
994 ; 15161
995 ; 90583
996 ; 74252
997 ; 52493
998 ; 19514
999 ; 60667
1000 ; 46161
