1 ; 66462
2 ; 99774
3 ; 85615
4 ; 91044
5 ; 3867
6 ; 63979
7 ; 64636
8 ; 33666
9 ; 34591
10 ; 42291
11 ; 85803
12 ; 81925
13 ; 99306
14 ; 87085
15 ; 22086
16 ; 96753
17 ; 35097
18 ; 11895
19 ; 51404
20 ; 18090
21 ; 98547
22 ; 91116
23 ; 85086
24 ; 43769
25 ; 45656
26 ; 92308
27 ; 39096
28 ; 8221
29 ; 77969
30 ; 63009
31 ; 32405
32 ; 57851
33 ; 14296
34 ; 43899
35 ; 46901
36 ; 69972
37 ; 97385
38 ; 30217
39 ; 33178
40 ; 12166
41 ; 94939
42 ; 53294
43 ; 96612
44 ; 88954
45 ; 4338
46 ; 4070
47 ; 48081
48 ; 72640
49 ; 20450
50 ; 70488
51 ; 53707
52 ; 65218
53 ; 75902
54 ; 10627
55 ; 68002
56 ; 88196
57 ; 13186
58 ; 33449
59 ; 84778
60 ; 47240
61 ; 97977
62 ; 9044
63 ; 90215
64 ; 68486
65 ; 33037
66 ; 80234
67 ; 52446
68 ; 53408
69 ; 82083
70 ; 97428
71 ; 32048
72 ; 49126
73 ; 62980
74 ; 48591
75 ; 47791
76 ; 81002
77 ; 19661
78 ; 6200
79 ; 82058
80 ; 44432
81 ; 32120
82 ; 63075
83 ; 60267
84 ; 2680
85 ; 73870
86 ; 78949
87 ; 88703
88 ; 87652
89 ; 76240
90 ; 9653
91 ; 85125
92 ; 50465
93 ; 8879
94 ; 40798
95 ; 86512
96 ; 58703
97 ; 35847
98 ; 97817
99 ; 68339
100 ; 87226
101 ; 56668
102 ; 54258
103 ; 59755
104 ; 99403
105 ; 91719
106 ; 10188
107 ; 89024
108 ; 65662
109 ; 21326
110 ; 62591
111 ; 43623
112 ; 16205
113 ; 37952
114 ; 39632
115 ; 79359
116 ; 74790
117 ; 20843
118 ; 20667
119 ; 62889
120 ; 70434
121 ; 92508
122 ; 13865
123 ; 82008
124 ; 73926
125 ; 66412
126 ; 13325
127 ; 8088
128 ; 56020
129 ; 45257
130 ; 7562
131 ; 45044
132 ; 14173
133 ; 79221
134 ; 61230
135 ; 49187
136 ; 64731
137 ; 43532
138 ; 41969
139 ; 54368
140 ; 47400
141 ; 44756
142 ; 14236
143 ; 86754
144 ; 38911
145 ; 15169
146 ; 72011
147 ; 3635
148 ; 22732
149 ; 4591
150 ; 32242
151 ; 40632
152 ; 11711
153 ; 29055
154 ; 60903
155 ; 1671
156 ; 70529
157 ; 85689
158 ; 53553
159 ; 76112
160 ; 34823
161 ; 93179
162 ; 42256
163 ; 17398
164 ; 73875
165 ; 67199
166 ; 50741
167 ; 67603
168 ; 93719
169 ; 90174
170 ; 69688
171 ; 62255
172 ; 27561
173 ; 84752
174 ; 73999
175 ; 99805
176 ; 10379
177 ; 50366
178 ; 53936
179 ; 10121
180 ; 84568
181 ; 72256
182 ; 82007
183 ; 6380
184 ; 33530
185 ; 62322
186 ; 87462
187 ; 54735
188 ; 90053
189 ; 41197
190 ; 60287
191 ; 46124
192 ; 16380
193 ; 20895
194 ; 56562
195 ; 4617
196 ; 2830
197 ; 97432
198 ; 27063
199 ; 16640
200 ; 81849
201 ; 12771
202 ; 40979
203 ; 15494
204 ; 4362
205 ; 95487
206 ; 26623
207 ; 5508
208 ; 75309
209 ; 39516
210 ; 1009
211 ; 60219
212 ; 95236
213 ; 30357
214 ; 10174
215 ; 78958
216 ; 4812
217 ; 78125
218 ; 52111
219 ; 36194
220 ; 79153
221 ; 66798
222 ; 4205
223 ; 8043
224 ; 68828
225 ; 79065
226 ; 27019
227 ; 10288
228 ; 34413
229 ; 6126
230 ; 66345
231 ; 32308
232 ; 71481
233 ; 1826
234 ; 25348
235 ; 1267
236 ; 72895
237 ; 90514
238 ; 28723
239 ; 60965
240 ; 25279
241 ; 87965
242 ; 50704
243 ; 99706
244 ; 86546
245 ; 44789
246 ; 28826
247 ; 11562
248 ; 41352
249 ; 71653
250 ; 35295
251 ; 25419
252 ; 81361
253 ; 55730
254 ; 27860
255 ; 86159
256 ; 7184
257 ; 27724
258 ; 52040
259 ; 22377
260 ; 98872
261 ; 88862
262 ; 16608
263 ; 84992
264 ; 51848
265 ; 57219
266 ; 14177
267 ; 91130
268 ; 25129
269 ; 42754
270 ; 8791
271 ; 57656
272 ; 98742
273 ; 10435
274 ; 62373
275 ; 58731
276 ; 87185
277 ; 40819
278 ; 21924
279 ; 91767
280 ; 5822
281 ; 47473
282 ; 39334
283 ; 86155
284 ; 37081
285 ; 60605
286 ; 45682
287 ; 39139
288 ; 93335
289 ; 36280
290 ; 51913
291 ; 13221
292 ; 23332
293 ; 597
294 ; 97750
295 ; 79455
296 ; 59057
297 ; 88201
298 ; 20723
299 ; 41018
300 ; 49906
301 ; 84510
302 ; 67192
303 ; 21437
304 ; 81024
305 ; 31023
306 ; 17240
307 ; 51823
308 ; 22714
309 ; 3091
310 ; 45303
311 ; 41521
312 ; 7767
313 ; 19524
314 ; 88420
315 ; 66522
316 ; 83594
317 ; 93410
318 ; 43973
319 ; 60027
320 ; 36048
321 ; 83517
322 ; 68801
323 ; 39535
324 ; 31790
325 ; 55661
326 ; 1544
327 ; 54830
328 ; 76093
329 ; 13400
330 ; 80117
331 ; 91238
332 ; 32943
333 ; 7455
334 ; 76169
335 ; 12536
336 ; 4327
337 ; 83200
338 ; 18408
339 ; 77882
340 ; 15571
341 ; 75624
342 ; 26673
343 ; 17146
344 ; 3608
345 ; 11123
346 ; 28624
347 ; 99015
348 ; 55055
349 ; 25508
350 ; 80914
351 ; 76238
352 ; 90962
353 ; 57596
354 ; 66741
355 ; 42408
356 ; 45123
357 ; 27760
358 ; 91636
359 ; 84630
360 ; 32814
361 ; 60820
362 ; 49367
363 ; 66472
364 ; 56835
365 ; 62640
366 ; 79837
367 ; 25557
368 ; 47730
369 ; 9814
370 ; 90850
371 ; 20184
372 ; 85066
373 ; 61811
374 ; 65619
375 ; 9342
376 ; 96642
377 ; 54958
378 ; 27890
379 ; 504
380 ; 82494
381 ; 87636
382 ; 86557
383 ; 49565
384 ; 60591
385 ; 56049
386 ; 31648
387 ; 47303
388 ; 81078
389 ; 49976
390 ; 3550
391 ; 76740
392 ; 5953
393 ; 67838
394 ; 7354
395 ; 75778
396 ; 1048
397 ; 60489
398 ; 94187
399 ; 89481
400 ; 37183
401 ; 63084
402 ; 81418
403 ; 46381
404 ; 47387
405 ; 24420
406 ; 33601
407 ; 43181
408 ; 37039
409 ; 93097
410 ; 76038
411 ; 72235
412 ; 93816
413 ; 69905
414 ; 62831
415 ; 76175
416 ; 94325
417 ; 85787
418 ; 71309
419 ; 64059
420 ; 54279
421 ; 14765
422 ; 44683
423 ; 73420
424 ; 19119
425 ; 81208
426 ; 54835
427 ; 12589
428 ; 41925
429 ; 70801
430 ; 7086
431 ; 67662
432 ; 45514
433 ; 4610
434 ; 58837
435 ; 8499
436 ; 15594
437 ; 85596
438 ; 73953
439 ; 78111
440 ; 21845
441 ; 76980
442 ; 84761
443 ; 99827
444 ; 13803
445 ; 21805
446 ; 83541
447 ; 86609
448 ; 88428
449 ; 63093
450 ; 15387
451 ; 86890
452 ; 76226
453 ; 73957
454 ; 94308
455 ; 51306
456 ; 42795
457 ; 57057
458 ; 14443
459 ; 54711
460 ; 52684
461 ; 22753
462 ; 78275
463 ; 57830
464 ; 92425
465 ; 5361
466 ; 13709
467 ; 42940
468 ; 99624
469 ; 26856
470 ; 1886
471 ; 7956
472 ; 94980
473 ; 67421
474 ; 87629
475 ; 53276
476 ; 64108
477 ; 52196
478 ; 94363
479 ; 45785
480 ; 86041
481 ; 13626
482 ; 15420
483 ; 94385
484 ; 55293
485 ; 38759
486 ; 3571
487 ; 21410
488 ; 94340
489 ; 60888
490 ; 30683
491 ; 64329
492 ; 3418
493 ; 4893
494 ; 39370
495 ; 92088
496 ; 44493
497 ; 45685
498 ; 58507
499 ; 70481
500 ; 6289
501 ; 89095
502 ; 4485
503 ; 60914
504 ; 47242
505 ; 34611
506 ; 40086
507 ; 86951
508 ; 63262
509 ; 29316
510 ; 12854
511 ; 52995
512 ; 77178
513 ; 72421
514 ; 44822
515 ; 49508
516 ; 96728
517 ; 79752
518 ; 95495
519 ; 29116
520 ; 37986
521 ; 67579
522 ; 69937
523 ; 87998
524 ; 61094
525 ; 65146
526 ; 93863
527 ; 36916
528 ; 15171
529 ; 15303
530 ; 27584
531 ; 96271
532 ; 39275
533 ; 72581
534 ; 40709
535 ; 99559
536 ; 16300
537 ; 58116
538 ; 19452
539 ; 39598
540 ; 26671
541 ; 80777
542 ; 28440
543 ; 41906
544 ; 98729
545 ; 83887
546 ; 98880
547 ; 99598
548 ; 2655
549 ; 26892
550 ; 64978
551 ; 54186
552 ; 84842
553 ; 61383
554 ; 20464
555 ; 56653
556 ; 89556
557 ; 10813
558 ; 17119
559 ; 93169
560 ; 64786
561 ; 13313
562 ; 77165
563 ; 9838
564 ; 99144
565 ; 36957
566 ; 41394
567 ; 20838
568 ; 86701
569 ; 26876
570 ; 24921
571 ; 34338
572 ; 66615
573 ; 93568
574 ; 2426
575 ; 80559
576 ; 34458
577 ; 1808
578 ; 94758
579 ; 76368
580 ; 72075
581 ; 69509
582 ; 78792
583 ; 10755
584 ; 92892
585 ; 35927
586 ; 92393
587 ; 85600
588 ; 49521
589 ; 8567
590 ; 56380
591 ; 96077
592 ; 539
593 ; 48185
594 ; 85349
595 ; 85084
596 ; 83333
597 ; 1242
598 ; 9249
599 ; 56075
600 ; 89865
601 ; 39206
602 ; 77563
603 ; 78664
604 ; 92249
605 ; 14049
606 ; 67991
607 ; 71372
608 ; 15004
609 ; 89343
610 ; 71494
611 ; 95907
612 ; 859
613 ; 56311
614 ; 75585
615 ; 47334
616 ; 66995
617 ; 94216
618 ; 17733
619 ; 74523
620 ; 98582
621 ; 84460
622 ; 30761
623 ; 15243
624 ; 76508
625 ; 37766
626 ; 52114
627 ; 80284
628 ; 86151
629 ; 43830
630 ; 18860
631 ; 70968
632 ; 4088
633 ; 2798
634 ; 20321
635 ; 64447
636 ; 9604
637 ; 47958
638 ; 30187
639 ; 51137
640 ; 17884
641 ; 19026
642 ; 90000
643 ; 58680
644 ; 81759
645 ; 95377
646 ; 65878
647 ; 46809
648 ; 58882
649 ; 48627
650 ; 50364
651 ; 7479
652 ; 91206
653 ; 23915
654 ; 31255
655 ; 54648
656 ; 93645
657 ; 9279
658 ; 99309
659 ; 38089
660 ; 98788
661 ; 2489
662 ; 16686
663 ; 65590
664 ; 54542
665 ; 34715
666 ; 18015
667 ; 67933
668 ; 21584
669 ; 60409
670 ; 65945
671 ; 91020
672 ; 67485
673 ; 72767
674 ; 33065
675 ; 49525
676 ; 4397
677 ; 54165
678 ; 32071
679 ; 26441
680 ; 67164
681 ; 20912
682 ; 66045
683 ; 52900
684 ; 78737
685 ; 71732
686 ; 20728
687 ; 52646
688 ; 99777
689 ; 99320
690 ; 70660
691 ; 85527
692 ; 9303
693 ; 74363
694 ; 21063
695 ; 74390
696 ; 13272
697 ; 61400
698 ; 57340
699 ; 49741
700 ; 27970
701 ; 75887
702 ; 24067
703 ; 96564
704 ; 35074
705 ; 41850
706 ; 5352
707 ; 37657
708 ; 55274
709 ; 59504
710 ; 28434
711 ; 37865
712 ; 37322
713 ; 42200
714 ; 62406
715 ; 63594
716 ; 9392
717 ; 32086
718 ; 33919
719 ; 81965
720 ; 89607
721 ; 53859
722 ; 31767
723 ; 33999
724 ; 2633
725 ; 15970
726 ; 22200
727 ; 66190
728 ; 99199
729 ; 18667
730 ; 46864
731 ; 54867
732 ; 25417
733 ; 78255
734 ; 25233
735 ; 7686
736 ; 38789
737 ; 26934
738 ; 33399
739 ; 76663
740 ; 17761
741 ; 97602
742 ; 81116
743 ; 67091
744 ; 61717
745 ; 52993
746 ; 58954
747 ; 76743
748 ; 28264
749 ; 68528
750 ; 77447
751 ; 49712
752 ; 4711
753 ; 28246
754 ; 70107
755 ; 79280
756 ; 60591
757 ; 43204
758 ; 82182
759 ; 44190
760 ; 78119
761 ; 51706
762 ; 17033
763 ; 12680
764 ; 7456
765 ; 10751
766 ; 61995
767 ; 98677
768 ; 43645
769 ; 38053
770 ; 65619
771 ; 4507
772 ; 72110
773 ; 14039
774 ; 88139
775 ; 34507
776 ; 79580
777 ; 3170
778 ; 97072
779 ; 13907
780 ; 77321
781 ; 3981
782 ; 29802
783 ; 97365
784 ; 33542
785 ; 87200
786 ; 95029
787 ; 1523
788 ; 61862
789 ; 31333
790 ; 34970
791 ; 45962
792 ; 62703
793 ; 15084
794 ; 20164
795 ; 36926
796 ; 64492
797 ; 75986
798 ; 98784
799 ; 78205
800 ; 61532
801 ; 94616
802 ; 72300
803 ; 43530
804 ; 95443
805 ; 13771
806 ; 19400
807 ; 94872
808 ; 77021
809 ; 51984
810 ; 40016
811 ; 81016
812 ; 95405
813 ; 20746
814 ; 41350
815 ; 778
816 ; 11426
817 ; 4818
818 ; 37760
819 ; 65254
820 ; 82007
821 ; 15000
822 ; 86398
823 ; 43454
824 ; 12497
825 ; 72740
826 ; 30454
827 ; 25725
828 ; 83804
829 ; 35949
830 ; 71902
831 ; 89312
832 ; 51214
833 ; 25408
834 ; 45606
835 ; 444
836 ; 61760
837 ; 61129
838 ; 16672
839 ; 37322
840 ; 87023
841 ; 68061
842 ; 72918
843 ; 68378
844 ; 18235
845 ; 60497
846 ; 34332
847 ; 70182
848 ; 20566
849 ; 64573
850 ; 51400
851 ; 19373
852 ; 93464
853 ; 88226
854 ; 14176
855 ; 42990
856 ; 33921
857 ; 97990
858 ; 43970
859 ; 61572
860 ; 49549
861 ; 12001
862 ; 89528
863 ; 9414
864 ; 18332
865 ; 68587
866 ; 99573
867 ; 66338
868 ; 41935
869 ; 79820
870 ; 93603
871 ; 85368
872 ; 89444
873 ; 29406
874 ; 2785
875 ; 50677
876 ; 78403
877 ; 24285
878 ; 2865
879 ; 50181
880 ; 90040
881 ; 59310
882 ; 10924
883 ; 97158
884 ; 65545
885 ; 4402
886 ; 67889
887 ; 85268
888 ; 80272
889 ; 73525
890 ; 78658
891 ; 11337
892 ; 42756
893 ; 84880
894 ; 31715
895 ; 50304
896 ; 15399
897 ; 71688
898 ; 70117
899 ; 16677
900 ; 3717
901 ; 52924
902 ; 35714
903 ; 96896
904 ; 11018
905 ; 23397
906 ; 58499
907 ; 86970
908 ; 5376
909 ; 72533
910 ; 12940
911 ; 19754
912 ; 95798
913 ; 91252
914 ; 13183
915 ; 16260
916 ; 64434
917 ; 76298
918 ; 68997
919 ; 45361
920 ; 51721
921 ; 91409
922 ; 74337
923 ; 26265
924 ; 41332
925 ; 94698
926 ; 50394
927 ; 58148
928 ; 41806
929 ; 91620
930 ; 15023
931 ; 11298
932 ; 11730
933 ; 22898
934 ; 403
935 ; 64167
936 ; 25352
937 ; 46785
938 ; 90816
939 ; 20689
940 ; 25498
941 ; 25043
942 ; 2423
943 ; 92255
944 ; 60669
945 ; 71996
946 ; 76903
947 ; 78705
948 ; 53195
949 ; 76057
950 ; 10836
951 ; 32717
952 ; 95312
953 ; 53084
954 ; 92700
955 ; 41977
956 ; 20055
957 ; 40943
958 ; 69367
959 ; 13490
960 ; 43817
961 ; 94668
962 ; 13957
963 ; 94417
964 ; 27473
965 ; 91572
966 ; 16943
967 ; 13815
968 ; 52931
969 ; 5700
970 ; 72368
971 ; 79642
972 ; 61987
973 ; 60988
974 ; 81055
975 ; 15415
976 ; 54355
977 ; 22512
978 ; 42685
979 ; 70895
980 ; 91763
981 ; 35198
982 ; 58614
983 ; 91161
984 ; 4968
985 ; 69364
986 ; 17318
987 ; 78467
988 ; 50582
989 ; 82476
990 ; 84312
991 ; 31244
992 ; 14571
993 ; 56490
994 ; 68455
995 ; 94622
996 ; 9319
997 ; 20153
998 ; 86481
999 ; 6853
1000 ; 61113
