1 ; 25008
2 ; 48569
3 ; 5904
4 ; 46497
5 ; 2752
6 ; 82249
7 ; 48550
8 ; 86254
9 ; 38281
10 ; 71509
11 ; 64779
12 ; 19222
13 ; 89782
14 ; 66356
15 ; 76723
16 ; 48660
17 ; 68614
18 ; 85404
19 ; 37178
20 ; 91812
21 ; 95601
22 ; 59713
23 ; 94382
24 ; 43575
25 ; 45403
26 ; 15491
27 ; 80819
28 ; 96204
29 ; 88347
30 ; 17534
31 ; 10432
32 ; 11963
33 ; 89100
34 ; 45296
35 ; 18591
36 ; 95571
37 ; 71547
38 ; 23436
39 ; 29226
40 ; 63330
41 ; 9256
42 ; 78743
43 ; 83477
44 ; 55810
45 ; 50910
46 ; 45301
47 ; 14237
48 ; 90959
49 ; 40066
50 ; 89765
51 ; 980
52 ; 4523
53 ; 38630
54 ; 78638
55 ; 89227
56 ; 74643
57 ; 13419
58 ; 59409
59 ; 9040
60 ; 77505
61 ; 95179
62 ; 77437
63 ; 76919
64 ; 70922
65 ; 69444
66 ; 450
67 ; 15459
68 ; 52723
69 ; 8604
70 ; 72534
71 ; 75173
72 ; 90816
73 ; 4556
74 ; 69497
75 ; 92821
76 ; 71808
77 ; 11324
78 ; 77465
79 ; 70653
80 ; 65058
81 ; 57005
82 ; 66604
83 ; 10914
84 ; 49030
85 ; 34431
86 ; 81829
87 ; 90003
88 ; 96831
89 ; 29919
90 ; 22381
91 ; 6654
92 ; 67793
93 ; 99478
94 ; 32148
95 ; 88516
96 ; 2000
97 ; 51854
98 ; 72600
99 ; 91505
100 ; 64608
101 ; 47785
102 ; 222
103 ; 76306
104 ; 36849
105 ; 74842
106 ; 20307
107 ; 96399
108 ; 589
109 ; 7231
110 ; 38994
111 ; 81981
112 ; 13314
113 ; 9934
114 ; 85428
115 ; 54163
116 ; 20426
117 ; 96553
118 ; 25903
119 ; 53816
120 ; 1714
121 ; 249
122 ; 41883
123 ; 19438
124 ; 98879
125 ; 67138
126 ; 93751
127 ; 98422
128 ; 20993
129 ; 31522
130 ; 42192
131 ; 26097
132 ; 74757
133 ; 82329
134 ; 49055
135 ; 56918
136 ; 16446
137 ; 80147
138 ; 29587
139 ; 82175
140 ; 72403
141 ; 34212
142 ; 77910
143 ; 18608
144 ; 24961
145 ; 98731
146 ; 37617
147 ; 2285
148 ; 10679
149 ; 97921
150 ; 39351
151 ; 72145
152 ; 27746
153 ; 39132
154 ; 77263
155 ; 77542
156 ; 99451
157 ; 23428
158 ; 46206
159 ; 94209
160 ; 90571
161 ; 13011
162 ; 11544
163 ; 82982
164 ; 23574
165 ; 64847
166 ; 33460
167 ; 75677
168 ; 91496
169 ; 89881
170 ; 17625
171 ; 22489
172 ; 14373
173 ; 47222
174 ; 14112
175 ; 85293
176 ; 36107
177 ; 32649
178 ; 36430
179 ; 11213
180 ; 8631
181 ; 70835
182 ; 22539
183 ; 70843
184 ; 60254
185 ; 70663
186 ; 9749
187 ; 95493
188 ; 95070
189 ; 52992
190 ; 45348
191 ; 97826
192 ; 20281
193 ; 10264
194 ; 4850
195 ; 10279
196 ; 48340
197 ; 7326
198 ; 39741
199 ; 25623
200 ; 70762
201 ; 82828
202 ; 26584
203 ; 74053
204 ; 50499
205 ; 60593
206 ; 39372
207 ; 21173
208 ; 29736
209 ; 30315
210 ; 16997
211 ; 21253
212 ; 0
213 ; 6970
214 ; 47708
215 ; 10142
216 ; 31440
217 ; 28315
218 ; 42441
219 ; 72192
220 ; 8172
221 ; 99847
222 ; 18887
223 ; 65596
224 ; 66544
225 ; 46595
226 ; 68180
227 ; 40483
228 ; 83210
229 ; 81129
230 ; 26077
231 ; 34174
232 ; 9886
233 ; 47147
234 ; 20502
235 ; 77957
236 ; 1655
237 ; 48031
238 ; 17337
239 ; 99758
240 ; 35706
241 ; 19733
242 ; 36326
243 ; 57089
244 ; 67379
245 ; 57375
246 ; 58975
247 ; 84644
248 ; 20380
249 ; 54934
250 ; 314
251 ; 90917
252 ; 58069
253 ; 67387
254 ; 66408
255 ; 88218
256 ; 32655
257 ; 54695
258 ; 69479
259 ; 90465
260 ; 59215
261 ; 16993
262 ; 22522
263 ; 63123
264 ; 11382
265 ; 80372
266 ; 85293
267 ; 59665
268 ; 85590
269 ; 42617
270 ; 83530
271 ; 28934
272 ; 30751
273 ; 38281
274 ; 73299
275 ; 27778
276 ; 90235
277 ; 32476
278 ; 72331
279 ; 23330
280 ; 53028
281 ; 2742
282 ; 30220
283 ; 19317
284 ; 60947
285 ; 18382
286 ; 59372
287 ; 90764
288 ; 68785
289 ; 76629
290 ; 98565
291 ; 61469
292 ; 4259
293 ; 5031
294 ; 31005
295 ; 8635
296 ; 24638
297 ; 89413
298 ; 28744
299 ; 29015
300 ; 16927
301 ; 36806
302 ; 45347
303 ; 50962
304 ; 38479
305 ; 32711
306 ; 28672
307 ; 26753
308 ; 44912
309 ; 2073
310 ; 75641
311 ; 89554
312 ; 2210
313 ; 33336
314 ; 882
315 ; 9420
316 ; 29868
317 ; 74974
318 ; 41112
319 ; 32683
320 ; 71981
321 ; 63838
322 ; 67133
323 ; 39116
324 ; 43124
325 ; 94729
326 ; 25329
327 ; 1253
328 ; 45921
329 ; 90553
330 ; 80519
331 ; 80221
332 ; 7166
333 ; 82430
334 ; 82063
335 ; 42478
336 ; 29373
337 ; 59152
338 ; 25078
339 ; 31821
340 ; 4628
341 ; 95339
342 ; 28648
343 ; 81046
344 ; 87628
345 ; 17687
346 ; 2903
347 ; 97627
348 ; 74769
349 ; 18682
350 ; 26839
351 ; 7798
352 ; 86163
353 ; 77136
354 ; 8752
355 ; 93401
356 ; 97463
357 ; 94950
358 ; 51172
359 ; 5894
360 ; 18369
361 ; 9451
362 ; 92155
363 ; 91873
364 ; 64681
365 ; 90695
366 ; 44823
367 ; 14492
368 ; 20791
369 ; 83106
370 ; 7022
371 ; 5165
372 ; 39474
373 ; 825
374 ; 62967
375 ; 29910
376 ; 75860
377 ; 36142
378 ; 48758
379 ; 4714
380 ; 2461
381 ; 90399
382 ; 3638
383 ; 44307
384 ; 2127
385 ; 86715
386 ; 78867
387 ; 78694
388 ; 85809
389 ; 73932
390 ; 26089
391 ; 21851
392 ; 31997
393 ; 81143
394 ; 37065
395 ; 26933
396 ; 94721
397 ; 32183
398 ; 56651
399 ; 12390
400 ; 76968
401 ; 79452
402 ; 40887
403 ; 93343
404 ; 16419
405 ; 66455
406 ; 82089
407 ; 2625
408 ; 80357
409 ; 78423
410 ; 72797
411 ; 35833
412 ; 16630
413 ; 90395
414 ; 30469
415 ; 4784
416 ; 57543
417 ; 72140
418 ; 54797
419 ; 33740
420 ; 23565
421 ; 59287
422 ; 39509
423 ; 82789
424 ; 23696
425 ; 50037
426 ; 10539
427 ; 32742
428 ; 99410
429 ; 36848
430 ; 12443
431 ; 15932
432 ; 9011
433 ; 32442
434 ; 14930
435 ; 27287
436 ; 99306
437 ; 99530
438 ; 61382
439 ; 47
440 ; 61448
441 ; 43626
442 ; 31246
443 ; 80510
444 ; 17838
445 ; 78313
446 ; 38167
447 ; 86176
448 ; 36959
449 ; 22352
450 ; 35736
451 ; 81659
452 ; 23012
453 ; 38001
454 ; 52734
455 ; 56751
456 ; 77229
457 ; 69917
458 ; 29738
459 ; 41012
460 ; 77746
461 ; 94022
462 ; 78974
463 ; 39256
464 ; 74904
465 ; 35704
466 ; 39283
467 ; 22305
468 ; 48853
469 ; 66724
470 ; 48085
471 ; 57404
472 ; 26333
473 ; 40223
474 ; 2205
475 ; 12646
476 ; 3521
477 ; 73171
478 ; 29441
479 ; 19808
480 ; 71794
481 ; 35665
482 ; 42754
483 ; 29946
484 ; 93305
485 ; 56437
486 ; 98945
487 ; 46154
488 ; 23236
489 ; 3943
490 ; 33702
491 ; 67834
492 ; 25605
493 ; 52412
494 ; 94889
495 ; 30870
496 ; 79506
497 ; 92241
498 ; 45952
499 ; 78079
500 ; 22651
501 ; 94088
502 ; 61316
503 ; 44301
504 ; 29090
505 ; 86061
506 ; 85651
507 ; 90518
508 ; 67992
509 ; 53362
510 ; 78877
511 ; 71377
512 ; 40345
513 ; 19770
514 ; 18795
515 ; 70472
516 ; 40475
517 ; 20334
518 ; 83193
519 ; 87790
520 ; 39231
521 ; 24648
522 ; 83342
523 ; 13669
524 ; 35734
525 ; 20098
526 ; 70711
527 ; 73662
528 ; 74549
529 ; 14431
530 ; 88819
531 ; 78668
532 ; 75169
533 ; 67045
534 ; 92065
535 ; 64717
536 ; 70672
537 ; 8361
538 ; 3433
539 ; 56778
540 ; 2436
541 ; 56656
542 ; 32935
543 ; 40957
544 ; 67783
545 ; 91733
546 ; 28678
547 ; 79482
548 ; 67427
549 ; 94802
550 ; 82409
551 ; 52826
552 ; 49606
553 ; 13942
554 ; 61447
555 ; 63358
556 ; 97758
557 ; 64536
558 ; 88838
559 ; 84891
560 ; 58642
561 ; 24027
562 ; 43641
563 ; 92503
564 ; 57750
565 ; 30395
566 ; 3199
567 ; 57008
568 ; 98905
569 ; 43720
570 ; 99277
571 ; 38450
572 ; 94915
573 ; 80196
574 ; 9950
575 ; 62995
576 ; 26153
577 ; 77994
578 ; 59097
579 ; 17595
580 ; 73942
581 ; 4329
582 ; 45396
583 ; 46804
584 ; 25623
585 ; 63109
586 ; 72681
587 ; 86115
588 ; 98177
589 ; 12557
590 ; 3543
591 ; 16194
592 ; 77269
593 ; 52157
594 ; 8050
595 ; 72393
596 ; 18611
597 ; 88315
598 ; 29458
599 ; 93902
600 ; 8492
601 ; 38110
602 ; 38784
603 ; 46938
604 ; 30366
605 ; 80500
606 ; 131
607 ; 6315
608 ; 34376
609 ; 14369
610 ; 18623
611 ; 29807
612 ; 56673
613 ; 32777
614 ; 92832
615 ; 9641
616 ; 85423
617 ; 72808
618 ; 43580
619 ; 35527
620 ; 20363
621 ; 50368
622 ; 40972
623 ; 53581
624 ; 22788
625 ; 39323
626 ; 1553
627 ; 55519
628 ; 2846
629 ; 4352
630 ; 77460
631 ; 82505
632 ; 41009
633 ; 46877
634 ; 9430
635 ; 78016
636 ; 90600
637 ; 73463
638 ; 65564
639 ; 74116
640 ; 58248
641 ; 46047
642 ; 37699
643 ; 45487
644 ; 9153
645 ; 23385
646 ; 17272
647 ; 15628
648 ; 94021
649 ; 53074
650 ; 22559
651 ; 49560
652 ; 44566
653 ; 23549
654 ; 99148
655 ; 17438
656 ; 34432
657 ; 35405
658 ; 65532
659 ; 63440
660 ; 52422
661 ; 1432
662 ; 25694
663 ; 64294
664 ; 84909
665 ; 34743
666 ; 20564
667 ; 11837
668 ; 54304
669 ; 34352
670 ; 40208
671 ; 3970
672 ; 10441
673 ; 27595
674 ; 68644
675 ; 78382
676 ; 21785
677 ; 78763
678 ; 83144
679 ; 73434
680 ; 63306
681 ; 23315
682 ; 79906
683 ; 50551
684 ; 47910
685 ; 37057
686 ; 47969
687 ; 62526
688 ; 98309
689 ; 99654
690 ; 63243
691 ; 2089
692 ; 6181
693 ; 61856
694 ; 24529
695 ; 15126
696 ; 75520
697 ; 75805
698 ; 3414
699 ; 12928
700 ; 97039
701 ; 97811
702 ; 29899
703 ; 67825
704 ; 50500
705 ; 22953
706 ; 85653
707 ; 26611
708 ; 81851
709 ; 60900
710 ; 26751
711 ; 26099
712 ; 52042
713 ; 12316
714 ; 7783
715 ; 45216
716 ; 4395
717 ; 55222
718 ; 29207
719 ; 77981
720 ; 47404
721 ; 699
722 ; 79818
723 ; 61772
724 ; 99842
725 ; 27297
726 ; 96204
727 ; 45230
728 ; 95042
729 ; 53535
730 ; 11078
731 ; 30188
732 ; 91241
733 ; 57859
734 ; 12346
735 ; 72006
736 ; 84845
737 ; 5436
738 ; 84796
739 ; 72669
740 ; 73505
741 ; 91158
742 ; 56273
743 ; 51042
744 ; 65870
745 ; 58236
746 ; 20229
747 ; 24641
748 ; 84893
749 ; 1751
750 ; 56510
751 ; 87312
752 ; 61574
753 ; 16542
754 ; 22264
755 ; 17173
756 ; 65997
757 ; 98805
758 ; 34836
759 ; 99209
760 ; 72554
761 ; 60779
762 ; 18533
763 ; 96895
764 ; 6223
765 ; 67889
766 ; 37135
767 ; 57210
768 ; 66773
769 ; 57734
770 ; 84016
771 ; 83427
772 ; 77778
773 ; 50273
774 ; 51763
775 ; 60053
776 ; 57303
777 ; 8609
778 ; 53156
779 ; 64293
780 ; 57155
781 ; 59725
782 ; 15400
783 ; 48407
784 ; 67554
785 ; 34562
786 ; 19463
787 ; 27348
788 ; 34114
789 ; 36806
790 ; 6416
791 ; 56044
792 ; 84007
793 ; 99758
794 ; 22629
795 ; 30700
796 ; 8170
797 ; 40670
798 ; 25725
799 ; 98510
800 ; 96456
801 ; 71913
802 ; 23134
803 ; 10129
804 ; 72575
805 ; 78359
806 ; 65149
807 ; 99300
808 ; 25733
809 ; 20344
810 ; 64353
811 ; 24008
812 ; 85804
813 ; 71599
814 ; 63274
815 ; 53525
816 ; 38950
817 ; 51511
818 ; 22172
819 ; 35732
820 ; 30536
821 ; 61099
822 ; 48810
823 ; 29089
824 ; 52229
825 ; 82070
826 ; 42093
827 ; 33630
828 ; 60145
829 ; 48346
830 ; 71452
831 ; 5355
832 ; 20937
833 ; 49414
834 ; 63842
835 ; 88395
836 ; 32677
837 ; 74902
838 ; 20237
839 ; 49325
840 ; 17423
841 ; 59726
842 ; 33483
843 ; 48002
844 ; 32339
845 ; 39205
846 ; 29405
847 ; 29303
848 ; 96247
849 ; 73518
850 ; 3023
851 ; 70130
852 ; 78481
853 ; 50858
854 ; 71760
855 ; 66073
856 ; 46921
857 ; 28686
858 ; 17524
859 ; 92085
860 ; 22084
861 ; 22434
862 ; 39524
863 ; 21568
864 ; 34139
865 ; 1052
866 ; 89711
867 ; 38221
868 ; 29738
869 ; 98766
870 ; 12703
871 ; 25045
872 ; 25512
873 ; 2413
874 ; 62084
875 ; 64863
876 ; 55134
877 ; 23749
878 ; 14941
879 ; 36751
880 ; 6803
881 ; 16085
882 ; 56522
883 ; 42727
884 ; 98041
885 ; 44635
886 ; 56882
887 ; 49101
888 ; 84662
889 ; 69953
890 ; 11398
891 ; 76843
892 ; 50798
893 ; 53829
894 ; 67028
895 ; 25348
896 ; 76858
897 ; 47018
898 ; 6186
899 ; 63978
900 ; 32289
901 ; 68186
902 ; 10103
903 ; 75751
904 ; 90017
905 ; 33440
906 ; 73569
907 ; 87555
908 ; 9438
909 ; 45812
910 ; 92903
911 ; 71255
912 ; 84852
913 ; 4090
914 ; 99051
915 ; 50079
916 ; 6185
917 ; 40353
918 ; 57666
919 ; 94653
920 ; 28902
921 ; 45592
922 ; 8066
923 ; 43054
924 ; 99973
925 ; 92798
926 ; 62924
927 ; 29266
928 ; 36764
929 ; 16876
930 ; 40584
931 ; 54409
932 ; 5736
933 ; 60776
934 ; 51864
935 ; 85112
936 ; 97825
937 ; 47216
938 ; 13226
939 ; 13417
940 ; 47376
941 ; 85349
942 ; 8190
943 ; 62575
944 ; 91502
945 ; 71786
946 ; 68867
947 ; 73119
948 ; 16754
949 ; 95312
950 ; 99480
951 ; 53582
952 ; 89970
953 ; 4701
954 ; 13753
955 ; 30245
956 ; 20172
957 ; 48987
958 ; 8045
959 ; 80272
960 ; 48403
961 ; 49567
962 ; 42101
963 ; 82635
964 ; 12357
965 ; 13523
966 ; 49291
967 ; 71168
968 ; 82702
969 ; 47525
970 ; 48218
971 ; 24162
972 ; 17946
973 ; 81693
974 ; 77574
975 ; 74848
976 ; 34735
977 ; 62801
978 ; 26103
979 ; 77155
980 ; 40467
981 ; 26187
982 ; 79564
983 ; 11120
984 ; 25067
985 ; 5751
986 ; 56560
987 ; 62317
988 ; 58831
989 ; 91412
990 ; 55103
991 ; 59690
992 ; 93196
993 ; 93407
994 ; 81806
995 ; 6151
996 ; 11310
997 ; 22789
998 ; 85561
999 ; 86337
1000 ; 25288
