1 ; 47527
2 ; 67583
3 ; 85880
4 ; 67022
5 ; 33549
6 ; 89701
7 ; 6584
8 ; 69412
9 ; 30138
10 ; 52764
11 ; 11869
12 ; 84917
13 ; 9028
14 ; 67035
15 ; 86869
16 ; 38271
17 ; 16588
18 ; 86462
19 ; 47547
20 ; 60262
21 ; 48469
22 ; 28681
23 ; 83216
24 ; 99439
25 ; 6086
26 ; 52644
27 ; 66828
28 ; 58624
29 ; 44312
30 ; 15730
31 ; 17411
32 ; 53098
33 ; 69755
34 ; 82235
35 ; 49035
36 ; 37353
37 ; 98998
38 ; 5096
39 ; 90669
40 ; 97265
41 ; 36175
42 ; 52732
43 ; 11319
44 ; 54571
45 ; 79260
46 ; 2883
47 ; 34809
48 ; 80533
49 ; 14434
50 ; 75310
51 ; 78585
52 ; 65650
53 ; 7924
54 ; 25241
55 ; 925
56 ; 42303
57 ; 54669
58 ; 69433
59 ; 90910
60 ; 7203
61 ; 93203
62 ; 66725
63 ; 85557
64 ; 40520
65 ; 46118
66 ; 24961
67 ; 48464
68 ; 68564
69 ; 95496
70 ; 56155
71 ; 94364
72 ; 66902
73 ; 52665
74 ; 51765
75 ; 93938
76 ; 50772
77 ; 31682
78 ; 99976
79 ; 43295
80 ; 49681
81 ; 85886
82 ; 16830
83 ; 32460
84 ; 13058
85 ; 16922
86 ; 13117
87 ; 97264
88 ; 43834
89 ; 15598
90 ; 68868
91 ; 89017
92 ; 6830
93 ; 43950
94 ; 37350
95 ; 46316
96 ; 8819
97 ; 17902
98 ; 50425
99 ; 3383
100 ; 97153
101 ; 99874
102 ; 47150
103 ; 19304
104 ; 73807
105 ; 60736
106 ; 97495
107 ; 62533
108 ; 71737
109 ; 20470
110 ; 43054
111 ; 35057
112 ; 90417
113 ; 26916
114 ; 26622
115 ; 70570
116 ; 37422
117 ; 81982
118 ; 32519
119 ; 91057
120 ; 72953
121 ; 74686
122 ; 9518
123 ; 56146
124 ; 4158
125 ; 30416
126 ; 98284
127 ; 89606
128 ; 26136
129 ; 35765
130 ; 35165
131 ; 17380
132 ; 56494
133 ; 48338
134 ; 54230
135 ; 1500
136 ; 60338
137 ; 50891
138 ; 59427
139 ; 4287
140 ; 12561
141 ; 59173
142 ; 88733
143 ; 67199
144 ; 94318
145 ; 42870
146 ; 42162
147 ; 38694
148 ; 70553
149 ; 68997
150 ; 95531
151 ; 35503
152 ; 45455
153 ; 27126
154 ; 71828
155 ; 71665
156 ; 42718
157 ; 45837
158 ; 92081
159 ; 39719
160 ; 7484
161 ; 59741
162 ; 77593
163 ; 78419
164 ; 76837
165 ; 36470
166 ; 25416
167 ; 11338
168 ; 15729
169 ; 23007
170 ; 28945
171 ; 90758
172 ; 65209
173 ; 20716
174 ; 65505
175 ; 31200
176 ; 99836
177 ; 48470
178 ; 22801
179 ; 66983
180 ; 41139
181 ; 3235
182 ; 86115
183 ; 18174
184 ; 24012
185 ; 77482
186 ; 58117
187 ; 99320
188 ; 62916
189 ; 42826
190 ; 33170
191 ; 55322
192 ; 14754
193 ; 59239
194 ; 97998
195 ; 58838
196 ; 85305
197 ; 19225
198 ; 80606
199 ; 53578
200 ; 76088
201 ; 86337
202 ; 19304
203 ; 77877
204 ; 18526
205 ; 37398
206 ; 73735
207 ; 52915
208 ; 92299
209 ; 67813
210 ; 49763
211 ; 69962
212 ; 74740
213 ; 69340
214 ; 60105
215 ; 61018
216 ; 18169
217 ; 39694
218 ; 92580
219 ; 87230
220 ; 2032
221 ; 33371
222 ; 7853
223 ; 29457
224 ; 56710
225 ; 13044
226 ; 38543
227 ; 15353
228 ; 5898
229 ; 10935
230 ; 11572
231 ; 67357
232 ; 24398
233 ; 59510
234 ; 65637
235 ; 5953
236 ; 58229
237 ; 895
238 ; 85666
239 ; 92573
240 ; 3908
241 ; 34370
242 ; 26150
243 ; 46533
244 ; 93793
245 ; 11330
246 ; 45210
247 ; 20359
248 ; 84347
249 ; 37079
250 ; 21285
251 ; 67892
252 ; 94220
253 ; 88833
254 ; 74310
255 ; 89540
256 ; 88992
257 ; 9315
258 ; 63266
259 ; 89050
260 ; 59489
261 ; 85305
262 ; 81963
263 ; 26185
264 ; 90519
265 ; 70529
266 ; 24950
267 ; 99669
268 ; 66910
269 ; 62256
270 ; 45413
271 ; 44780
272 ; 13741
273 ; 90988
274 ; 76937
275 ; 79973
276 ; 17609
277 ; 32600
278 ; 41016
279 ; 86896
280 ; 25843
281 ; 2326
282 ; 12177
283 ; 58176
284 ; 70511
285 ; 39950
286 ; 62595
287 ; 97364
288 ; 14114
289 ; 45586
290 ; 58080
291 ; 5395
292 ; 63828
293 ; 75417
294 ; 27299
295 ; 37948
296 ; 51182
297 ; 56771
298 ; 76126
299 ; 68081
300 ; 24038
301 ; 31907
302 ; 68968
303 ; 38513
304 ; 47750
305 ; 89889
306 ; 48975
307 ; 37933
308 ; 62376
309 ; 95918
310 ; 18983
311 ; 85700
312 ; 92827
313 ; 77501
314 ; 55075
315 ; 59325
316 ; 58811
317 ; 76834
318 ; 74636
319 ; 49096
320 ; 81466
321 ; 28766
322 ; 30773
323 ; 74227
324 ; 33538
325 ; 73726
326 ; 54980
327 ; 44907
328 ; 29997
329 ; 64989
330 ; 19920
331 ; 4623
332 ; 5955
333 ; 79646
334 ; 44196
335 ; 37129
336 ; 78761
337 ; 92669
338 ; 10989
339 ; 72439
340 ; 41154
341 ; 23426
342 ; 22446
343 ; 76221
344 ; 82344
345 ; 14044
346 ; 61674
347 ; 56961
348 ; 83900
349 ; 48972
350 ; 84237
351 ; 75277
352 ; 87313
353 ; 75139
354 ; 11008
355 ; 89758
356 ; 80119
357 ; 32064
358 ; 44277
359 ; 23696
360 ; 97448
361 ; 51311
362 ; 78966
363 ; 87102
364 ; 85880
365 ; 34650
366 ; 30839
367 ; 38356
368 ; 26478
369 ; 70300
370 ; 53580
371 ; 19893
372 ; 63881
373 ; 96645
374 ; 66614
375 ; 52282
376 ; 38317
377 ; 72771
378 ; 65543
379 ; 21079
380 ; 67433
381 ; 65228
382 ; 37076
383 ; 40826
384 ; 74794
385 ; 10364
386 ; 50323
387 ; 30578
388 ; 11944
389 ; 61636
390 ; 46338
391 ; 85328
392 ; 70892
393 ; 81241
394 ; 97770
395 ; 77701
396 ; 33904
397 ; 85466
398 ; 60513
399 ; 74298
400 ; 57477
401 ; 3129
402 ; 89223
403 ; 1071
404 ; 37367
405 ; 56467
406 ; 38573
407 ; 42082
408 ; 51540
409 ; 23873
410 ; 22127
411 ; 6048
412 ; 27940
413 ; 93837
414 ; 50708
415 ; 45033
416 ; 33924
417 ; 69477
418 ; 22132
419 ; 59651
420 ; 34263
421 ; 33025
422 ; 84185
423 ; 75188
424 ; 14562
425 ; 29655
426 ; 42713
427 ; 22977
428 ; 16995
429 ; 80022
430 ; 36710
431 ; 11436
432 ; 85211
433 ; 80877
434 ; 52270
435 ; 21124
436 ; 65299
437 ; 3160
438 ; 97283
439 ; 8192
440 ; 59685
441 ; 46914
442 ; 8744
443 ; 50615
444 ; 80827
445 ; 62413
446 ; 14561
447 ; 21565
448 ; 1593
449 ; 96885
450 ; 21723
451 ; 24316
452 ; 49199
453 ; 76185
454 ; 52716
455 ; 73036
456 ; 39568
457 ; 80808
458 ; 2053
459 ; 53863
460 ; 98997
461 ; 25615
462 ; 34795
463 ; 50624
464 ; 70006
465 ; 2641
466 ; 98945
467 ; 69579
468 ; 48240
469 ; 96370
470 ; 73578
471 ; 47562
472 ; 47298
473 ; 30835
474 ; 24589
475 ; 77898
476 ; 38373
477 ; 57942
478 ; 89938
479 ; 38466
480 ; 61565
481 ; 46373
482 ; 66258
483 ; 56287
484 ; 55752
485 ; 80448
486 ; 18703
487 ; 93009
488 ; 3893
489 ; 28326
490 ; 85920
491 ; 85667
492 ; 40627
493 ; 88921
494 ; 2010
495 ; 27091
496 ; 19065
497 ; 76894
498 ; 7350
499 ; 20337
500 ; 83624
501 ; 55113
502 ; 70168
503 ; 91515
504 ; 45799
505 ; 73951
506 ; 90731
507 ; 95393
508 ; 9735
509 ; 26788
510 ; 10020
511 ; 98151
512 ; 44480
513 ; 81101
514 ; 94776
515 ; 71651
516 ; 49796
517 ; 94520
518 ; 20794
519 ; 83616
520 ; 12394
521 ; 75214
522 ; 26324
523 ; 18071
524 ; 99478
525 ; 95990
526 ; 57471
527 ; 10442
528 ; 86465
529 ; 21480
530 ; 77459
531 ; 31675
532 ; 65764
533 ; 57784
534 ; 61640
535 ; 5748
536 ; 33485
537 ; 83954
538 ; 50116
539 ; 94970
540 ; 942
541 ; 74687
542 ; 79858
543 ; 37413
544 ; 27853
545 ; 73602
546 ; 68189
547 ; 70875
548 ; 24080
549 ; 26482
550 ; 69510
551 ; 27744
552 ; 16806
553 ; 33848
554 ; 77144
555 ; 35133
556 ; 30017
557 ; 32247
558 ; 92169
559 ; 4657
560 ; 73157
561 ; 63623
562 ; 31123
563 ; 46243
564 ; 85847
565 ; 42151
566 ; 94451
567 ; 90336
568 ; 35525
569 ; 77908
570 ; 67561
571 ; 52875
572 ; 14899
573 ; 66751
574 ; 76382
575 ; 27418
576 ; 36072
577 ; 5785
578 ; 69286
579 ; 38795
580 ; 68227
581 ; 43790
582 ; 47250
583 ; 42654
584 ; 15737
585 ; 25982
586 ; 14138
587 ; 5286
588 ; 83588
589 ; 42491
590 ; 68970
591 ; 48089
592 ; 26970
593 ; 39918
594 ; 12069
595 ; 91069
596 ; 31933
597 ; 5358
598 ; 86938
599 ; 79727
600 ; 23967
601 ; 82254
602 ; 29761
603 ; 29727
604 ; 51388
605 ; 27468
606 ; 48396
607 ; 73709
608 ; 40404
609 ; 68935
610 ; 2731
611 ; 44626
612 ; 68737
613 ; 73275
614 ; 8287
615 ; 79981
616 ; 54670
617 ; 82743
618 ; 34937
619 ; 81336
620 ; 8408
621 ; 30897
622 ; 22616
623 ; 13468
624 ; 42606
625 ; 96338
626 ; 85896
627 ; 77553
628 ; 88960
629 ; 3922
630 ; 29311
631 ; 42743
632 ; 17731
633 ; 32807
634 ; 45287
635 ; 70522
636 ; 7063
637 ; 40701
638 ; 16578
639 ; 16203
640 ; 58987
641 ; 63712
642 ; 95060
643 ; 41957
644 ; 8983
645 ; 1143
646 ; 78766
647 ; 25736
648 ; 25964
649 ; 44635
650 ; 59049
651 ; 467
652 ; 49570
653 ; 61015
654 ; 59723
655 ; 7899
656 ; 61640
657 ; 88229
658 ; 40081
659 ; 1472
660 ; 38739
661 ; 53739
662 ; 83653
663 ; 82584
664 ; 82613
665 ; 74757
666 ; 44581
667 ; 4629
668 ; 75454
669 ; 49686
670 ; 73482
671 ; 29191
672 ; 56836
673 ; 148
674 ; 94687
675 ; 68753
676 ; 69215
677 ; 72975
678 ; 56712
679 ; 305
680 ; 68852
681 ; 61536
682 ; 27856
683 ; 84237
684 ; 49042
685 ; 55770
686 ; 58782
687 ; 72862
688 ; 72527
689 ; 80313
690 ; 83973
691 ; 42978
692 ; 59956
693 ; 30076
694 ; 83926
695 ; 36821
696 ; 31284
697 ; 62671
698 ; 79964
699 ; 45794
700 ; 46967
701 ; 57036
702 ; 83537
703 ; 21341
704 ; 45841
705 ; 97653
706 ; 71900
707 ; 47350
708 ; 26558
709 ; 93728
710 ; 12021
711 ; 58449
712 ; 69442
713 ; 92698
714 ; 4613
715 ; 38577
716 ; 45666
717 ; 97462
718 ; 70159
719 ; 84210
720 ; 10592
721 ; 46686
722 ; 48798
723 ; 66596
724 ; 28173
725 ; 67577
726 ; 35964
727 ; 77404
728 ; 23290
729 ; 60488
730 ; 25629
731 ; 92137
732 ; 8882
733 ; 24738
734 ; 83047
735 ; 35695
736 ; 84767
737 ; 85013
738 ; 18863
739 ; 84464
740 ; 55009
741 ; 27732
742 ; 86466
743 ; 89302
744 ; 60719
745 ; 6749
746 ; 74454
747 ; 53796
748 ; 75161
749 ; 27765
750 ; 16095
751 ; 52173
752 ; 58038
753 ; 70821
754 ; 87658
755 ; 21228
756 ; 15826
757 ; 60261
758 ; 17478
759 ; 10656
760 ; 65051
761 ; 41525
762 ; 77646
763 ; 26153
764 ; 45355
765 ; 74155
766 ; 80189
767 ; 49669
768 ; 79253
769 ; 384
770 ; 49613
771 ; 71184
772 ; 25442
773 ; 98693
774 ; 93694
775 ; 16377
776 ; 22539
777 ; 81693
778 ; 44384
779 ; 4577
780 ; 70119
781 ; 47729
782 ; 90707
783 ; 21356
784 ; 43942
785 ; 45563
786 ; 75527
787 ; 40151
788 ; 92228
789 ; 61520
790 ; 78052
791 ; 77275
792 ; 9864
793 ; 88470
794 ; 53960
795 ; 14712
796 ; 37414
797 ; 86023
798 ; 55019
799 ; 75056
800 ; 81813
801 ; 91303
802 ; 64
803 ; 82973
804 ; 5608
805 ; 89693
806 ; 19228
807 ; 97558
808 ; 81637
809 ; 4907
810 ; 43286
811 ; 49976
812 ; 60007
813 ; 17780
814 ; 59986
815 ; 70739
816 ; 44256
817 ; 73135
818 ; 9256
819 ; 41015
820 ; 23564
821 ; 84124
822 ; 39145
823 ; 52333
824 ; 57899
825 ; 93391
826 ; 94390
827 ; 9059
828 ; 62967
829 ; 455
830 ; 59464
831 ; 58023
832 ; 91838
833 ; 14677
834 ; 28003
835 ; 79669
836 ; 60130
837 ; 43187
838 ; 20466
839 ; 25107
840 ; 11621
841 ; 73144
842 ; 21917
843 ; 33426
844 ; 71169
845 ; 57716
846 ; 61798
847 ; 13675
848 ; 81808
849 ; 65133
850 ; 7571
851 ; 25848
852 ; 72896
853 ; 216
854 ; 94094
855 ; 45281
856 ; 56203
857 ; 57726
858 ; 60629
859 ; 44815
860 ; 96793
861 ; 16939
862 ; 17328
863 ; 79111
864 ; 55592
865 ; 36792
866 ; 13093
867 ; 5488
868 ; 50506
869 ; 61007
870 ; 26678
871 ; 25658
872 ; 32975
873 ; 92532
874 ; 52908
875 ; 82736
876 ; 26823
877 ; 46712
878 ; 5885
879 ; 97894
880 ; 26299
881 ; 42529
882 ; 11072
883 ; 81050
884 ; 160
885 ; 41315
886 ; 8108
887 ; 99940
888 ; 98696
889 ; 92293
890 ; 36248
891 ; 41974
892 ; 10548
893 ; 94336
894 ; 24291
895 ; 53238
896 ; 66215
897 ; 33306
898 ; 56874
899 ; 89018
900 ; 35112
901 ; 4358
902 ; 39015
903 ; 60224
904 ; 13056
905 ; 78575
906 ; 30766
907 ; 10087
908 ; 47061
909 ; 23320
910 ; 73862
911 ; 5502
912 ; 94306
913 ; 35670
914 ; 82234
915 ; 77398
916 ; 62169
917 ; 98314
918 ; 18272
919 ; 94509
920 ; 26174
921 ; 17280
922 ; 26691
923 ; 4906
924 ; 72761
925 ; 50884
926 ; 47905
927 ; 29695
928 ; 63721
929 ; 89254
930 ; 82757
931 ; 43222
932 ; 69195
933 ; 93822
934 ; 30496
935 ; 24190
936 ; 66099
937 ; 56149
938 ; 71873
939 ; 12037
940 ; 48850
941 ; 85462
942 ; 19220
943 ; 52976
944 ; 49283
945 ; 84277
946 ; 5410
947 ; 70044
948 ; 12608
949 ; 21482
950 ; 33546
951 ; 41561
952 ; 26308
953 ; 62254
954 ; 59277
955 ; 22358
956 ; 48837
957 ; 64196
958 ; 27599
959 ; 92150
960 ; 35000
961 ; 99044
962 ; 36031
963 ; 65440
964 ; 4880
965 ; 9354
966 ; 46021
967 ; 47316
968 ; 53211
969 ; 59508
970 ; 14486
971 ; 69520
972 ; 46035
973 ; 90439
974 ; 67327
975 ; 91172
976 ; 1556
977 ; 37447
978 ; 86823
979 ; 98513
980 ; 2039
981 ; 20462
982 ; 34765
983 ; 88045
984 ; 33644
985 ; 66155
986 ; 83200
987 ; 67448
988 ; 1059
989 ; 71258
990 ; 74678
991 ; 58644
992 ; 13816
993 ; 66462
994 ; 83859
995 ; 37386
996 ; 91167
997 ; 90287
998 ; 2362
999 ; 93738
1000 ; 82376
