1 ; 32279
2 ; 18736
3 ; 47841
4 ; 49331
5 ; 54927
6 ; 15422
7 ; 5319
8 ; 8326
9 ; 53652
10 ; 54575
11 ; 86707
12 ; 77899
13 ; 64273
14 ; 74638
15 ; 15283
16 ; 29603
17 ; 77299
18 ; 69530
19 ; 97672
20 ; 88579
21 ; 68433
22 ; 72320
23 ; 81596
24 ; 80810
25 ; 4665
26 ; 15278
27 ; 25147
28 ; 73928
29 ; 35325
30 ; 88165
31 ; 61967
32 ; 8453
33 ; 27467
34 ; 66632
35 ; 96685
36 ; 66333
37 ; 54974
38 ; 32623
39 ; 15022
40 ; 73672
41 ; 737
42 ; 58641
43 ; 42902
44 ; 84499
45 ; 81308
46 ; 77752
47 ; 38974
48 ; 42481
49 ; 53375
50 ; 11211
51 ; 54900
52 ; 67430
53 ; 11458
54 ; 75578
55 ; 47795
56 ; 63496
57 ; 36189
58 ; 41203
59 ; 79189
60 ; 95914
61 ; 2550
62 ; 63954
63 ; 84888
64 ; 33174
65 ; 7448
66 ; 62053
67 ; 50109
68 ; 1509
69 ; 26005
70 ; 59921
71 ; 74260
72 ; 48545
73 ; 55926
74 ; 70872
75 ; 59750
76 ; 63026
77 ; 59337
78 ; 40566
79 ; 9191
80 ; 47448
81 ; 61449
82 ; 23062
83 ; 65377
84 ; 90515
85 ; 15446
86 ; 11381
87 ; 78410
88 ; 36264
89 ; 92942
90 ; 94422
91 ; 34350
92 ; 96747
93 ; 9418
94 ; 62125
95 ; 29763
96 ; 5149
97 ; 43976
98 ; 30758
99 ; 26545
100 ; 56199
101 ; 62821
102 ; 10181
103 ; 71388
104 ; 30773
105 ; 5815
106 ; 84994
107 ; 14277
108 ; 51541
109 ; 45502
110 ; 31414
111 ; 10383
112 ; 66551
113 ; 77962
114 ; 41778
115 ; 39724
116 ; 7616
117 ; 54883
118 ; 78534
119 ; 28983
120 ; 20377
121 ; 16209
122 ; 29596
123 ; 9844
124 ; 12928
125 ; 32759
126 ; 86953
127 ; 98228
128 ; 19860
129 ; 18178
130 ; 20378
131 ; 28801
132 ; 28624
133 ; 19596
134 ; 68145
135 ; 29135
136 ; 65058
137 ; 46375
138 ; 16606
139 ; 67885
140 ; 84981
141 ; 46322
142 ; 90507
143 ; 61372
144 ; 68711
145 ; 88730
146 ; 25928
147 ; 72935
148 ; 65387
149 ; 63633
150 ; 47714
151 ; 89430
152 ; 83977
153 ; 56649
154 ; 23265
155 ; 9260
156 ; 77829
157 ; 8781
158 ; 14583
159 ; 26292
160 ; 19667
161 ; 20558
162 ; 419
163 ; 44059
164 ; 13875
165 ; 9879
166 ; 90430
167 ; 4605
168 ; 42976
169 ; 82953
170 ; 3185
171 ; 66350
172 ; 95157
173 ; 27691
174 ; 29929
175 ; 15358
176 ; 69722
177 ; 88941
178 ; 55957
179 ; 44381
180 ; 7360
181 ; 34931
182 ; 61475
183 ; 84044
184 ; 42077
185 ; 74295
186 ; 73842
187 ; 20561
188 ; 21701
189 ; 33064
190 ; 93038
191 ; 84341
192 ; 93801
193 ; 50993
194 ; 62265
195 ; 43878
196 ; 3920
197 ; 6596
198 ; 5525
199 ; 89279
200 ; 2981
201 ; 30270
202 ; 4081
203 ; 39822
204 ; 10756
205 ; 14877
206 ; 33642
207 ; 59912
208 ; 32257
209 ; 83163
210 ; 34183
211 ; 17806
212 ; 73938
213 ; 21392
214 ; 34247
215 ; 71491
216 ; 56567
217 ; 38558
218 ; 1613
219 ; 16086
220 ; 71667
221 ; 60564
222 ; 42216
223 ; 77137
224 ; 78373
225 ; 18737
226 ; 19170
227 ; 84190
228 ; 87602
229 ; 42047
230 ; 13799
231 ; 9010
232 ; 30398
233 ; 12424
234 ; 519
235 ; 2829
236 ; 57339
237 ; 92524
238 ; 57479
239 ; 16984
240 ; 65862
241 ; 85335
242 ; 84801
243 ; 41331
244 ; 2403
245 ; 35002
246 ; 52332
247 ; 44814
248 ; 36213
249 ; 28221
250 ; 48744
251 ; 52551
252 ; 51727
253 ; 5613
254 ; 53889
255 ; 43815
256 ; 56365
257 ; 42416
258 ; 6269
259 ; 5302
260 ; 50638
261 ; 7906
262 ; 87491
263 ; 24029
264 ; 57431
265 ; 62886
266 ; 95601
267 ; 54273
268 ; 57343
269 ; 4650
270 ; 29150
271 ; 42896
272 ; 26956
273 ; 18773
274 ; 53881
275 ; 47450
276 ; 26909
277 ; 47123
278 ; 73910
279 ; 31429
280 ; 36652
281 ; 31444
282 ; 79271
283 ; 71042
284 ; 82753
285 ; 41915
286 ; 91705
287 ; 57886
288 ; 57635
289 ; 50035
290 ; 80566
291 ; 31897
292 ; 75622
293 ; 55223
294 ; 70718
295 ; 28939
296 ; 63156
297 ; 24503
298 ; 14302
299 ; 77428
300 ; 30079
301 ; 54649
302 ; 48241
303 ; 28347
304 ; 18836
305 ; 16168
306 ; 9367
307 ; 53035
308 ; 78487
309 ; 88492
310 ; 29035
311 ; 93129
312 ; 60401
313 ; 45760
314 ; 79108
315 ; 97024
316 ; 82496
317 ; 2553
318 ; 91186
319 ; 27236
320 ; 58918
321 ; 78971
322 ; 20945
323 ; 73033
324 ; 42021
325 ; 94424
326 ; 79472
327 ; 52720
328 ; 73526
329 ; 49496
330 ; 3472
331 ; 39947
332 ; 91734
333 ; 5289
334 ; 86212
335 ; 98410
336 ; 91673
337 ; 19583
338 ; 41077
339 ; 59330
340 ; 85043
341 ; 49223
342 ; 19634
343 ; 26080
344 ; 56849
345 ; 78079
346 ; 56043
347 ; 40337
348 ; 65579
349 ; 79982
350 ; 59730
351 ; 94125
352 ; 83821
353 ; 75977
354 ; 28161
355 ; 22142
356 ; 26178
357 ; 95306
358 ; 1618
359 ; 58727
360 ; 61367
361 ; 99463
362 ; 31838
363 ; 93857
364 ; 55370
365 ; 78715
366 ; 86397
367 ; 12534
368 ; 42512
369 ; 80462
370 ; 60708
371 ; 51955
372 ; 71356
373 ; 78801
374 ; 19512
375 ; 60825
376 ; 22260
377 ; 44686
378 ; 39739
379 ; 95193
380 ; 43501
381 ; 26033
382 ; 76609
383 ; 35189
384 ; 2828
385 ; 97181
386 ; 24847
387 ; 57032
388 ; 1311
389 ; 87047
390 ; 96897
391 ; 44689
392 ; 46383
393 ; 45374
394 ; 89999
395 ; 75557
396 ; 30922
397 ; 56444
398 ; 64006
399 ; 64541
400 ; 15276
401 ; 59617
402 ; 1826
403 ; 906
404 ; 59082
405 ; 86091
406 ; 74347
407 ; 62281
408 ; 99774
409 ; 71238
410 ; 81734
411 ; 40182
412 ; 24637
413 ; 51913
414 ; 92970
415 ; 61439
416 ; 33296
417 ; 8086
418 ; 55510
419 ; 39885
420 ; 37513
421 ; 58194
422 ; 96927
423 ; 42711
424 ; 95149
425 ; 67577
426 ; 90431
427 ; 5826
428 ; 25203
429 ; 79370
430 ; 6125
431 ; 82630
432 ; 759
433 ; 27241
434 ; 19878
435 ; 60551
436 ; 66751
437 ; 39328
438 ; 1694
439 ; 29738
440 ; 79406
441 ; 92771
442 ; 55442
443 ; 38268
444 ; 14235
445 ; 28203
446 ; 31837
447 ; 18260
448 ; 39461
449 ; 83570
450 ; 86531
451 ; 17260
452 ; 1750
453 ; 56674
454 ; 5197
455 ; 19271
456 ; 21119
457 ; 55792
458 ; 67485
459 ; 89813
460 ; 41899
461 ; 47762
462 ; 71713
463 ; 29374
464 ; 36632
465 ; 62898
466 ; 92183
467 ; 69638
468 ; 9768
469 ; 66125
470 ; 90980
471 ; 96865
472 ; 98045
473 ; 53694
474 ; 56149
475 ; 36789
476 ; 14419
477 ; 84858
478 ; 88106
479 ; 85413
480 ; 32430
481 ; 7885
482 ; 6167
483 ; 20088
484 ; 57867
485 ; 89785
486 ; 97075
487 ; 75225
488 ; 84619
489 ; 9118
490 ; 77387
491 ; 17046
492 ; 81571
493 ; 21263
494 ; 91606
495 ; 1721
496 ; 7442
497 ; 55529
498 ; 17934
499 ; 51285
500 ; 414
501 ; 53470
502 ; 3509
503 ; 31704
504 ; 39456
505 ; 7790
506 ; 1020
507 ; 67459
508 ; 24188
509 ; 11209
510 ; 28549
511 ; 77035
512 ; 70186
513 ; 74660
514 ; 24550
515 ; 63678
516 ; 66581
517 ; 24204
518 ; 19801
519 ; 45803
520 ; 92851
521 ; 36025
522 ; 98236
523 ; 61426
524 ; 41657
525 ; 18891
526 ; 68513
527 ; 30995
528 ; 44608
529 ; 3449
530 ; 18201
531 ; 12988
532 ; 47844
533 ; 47724
534 ; 72461
535 ; 36671
536 ; 34279
537 ; 18220
538 ; 29092
539 ; 46368
540 ; 39417
541 ; 55964
542 ; 91816
543 ; 41636
544 ; 57587
545 ; 86898
546 ; 73688
547 ; 47711
548 ; 85484
549 ; 85979
550 ; 92492
551 ; 607
552 ; 99893
553 ; 54360
554 ; 30009
555 ; 81229
556 ; 16467
557 ; 19042
558 ; 77019
559 ; 82893
560 ; 26428
561 ; 14348
562 ; 35929
563 ; 46617
564 ; 58088
565 ; 54626
566 ; 2889
567 ; 48559
568 ; 60028
569 ; 57516
570 ; 1278
571 ; 73978
572 ; 52855
573 ; 27202
574 ; 88426
575 ; 62101
576 ; 46368
577 ; 56976
578 ; 7461
579 ; 56247
580 ; 69045
581 ; 60535
582 ; 6139
583 ; 43619
584 ; 6697
585 ; 91345
586 ; 94556
587 ; 19107
588 ; 97188
589 ; 59482
590 ; 63584
591 ; 57490
592 ; 78072
593 ; 5293
594 ; 35936
595 ; 28417
596 ; 34051
597 ; 39287
598 ; 71722
599 ; 38533
600 ; 41094
601 ; 7589
602 ; 368
603 ; 35130
604 ; 54125
605 ; 92380
606 ; 780
607 ; 55691
608 ; 35137
609 ; 6648
610 ; 1626
611 ; 57716
612 ; 68606
613 ; 92672
614 ; 23609
615 ; 13193
616 ; 61090
617 ; 83577
618 ; 35603
619 ; 2086
620 ; 71881
621 ; 37355
622 ; 46544
623 ; 89233
624 ; 71586
625 ; 2724
626 ; 4918
627 ; 19008
628 ; 75514
629 ; 26194
630 ; 27763
631 ; 12138
632 ; 48739
633 ; 59723
634 ; 31023
635 ; 99036
636 ; 29726
637 ; 78328
638 ; 83148
639 ; 74042
640 ; 69376
641 ; 67041
642 ; 53816
643 ; 4928
644 ; 32385
645 ; 86565
646 ; 79641
647 ; 82057
648 ; 57774
649 ; 77027
650 ; 18751
651 ; 41567
652 ; 25484
653 ; 9180
654 ; 16107
655 ; 46945
656 ; 25891
657 ; 42455
658 ; 51443
659 ; 63385
660 ; 79132
661 ; 99211
662 ; 91691
663 ; 9288
664 ; 1105
665 ; 14576
666 ; 19781
667 ; 19286
668 ; 63033
669 ; 71254
670 ; 61678
671 ; 3165
672 ; 41445
673 ; 78658
674 ; 83537
675 ; 35064
676 ; 5474
677 ; 5764
678 ; 80853
679 ; 57317
680 ; 38326
681 ; 27042
682 ; 31474
683 ; 33327
684 ; 39807
685 ; 90851
686 ; 34360
687 ; 33825
688 ; 6783
689 ; 69678
690 ; 5956
691 ; 90919
692 ; 38435
693 ; 1573
694 ; 56060
695 ; 4278
696 ; 63206
697 ; 82183
698 ; 15057
699 ; 33844
700 ; 34295
701 ; 16737
702 ; 34393
703 ; 63446
704 ; 90577
705 ; 91378
706 ; 32171
707 ; 69682
708 ; 29842
709 ; 73194
710 ; 5736
711 ; 80452
712 ; 91198
713 ; 98343
714 ; 83124
715 ; 57516
716 ; 93538
717 ; 57636
718 ; 35261
719 ; 87446
720 ; 26932
721 ; 38958
722 ; 20776
723 ; 15354
724 ; 43829
725 ; 35895
726 ; 85298
727 ; 5772
728 ; 46932
729 ; 81953
730 ; 87137
731 ; 65047
732 ; 20635
733 ; 19735
734 ; 71190
735 ; 9644
736 ; 2880
737 ; 64453
738 ; 62976
739 ; 14714
740 ; 44332
741 ; 71154
742 ; 4656
743 ; 27317
744 ; 51718
745 ; 65028
746 ; 4926
747 ; 78663
748 ; 62237
749 ; 44179
750 ; 24647
751 ; 79756
752 ; 45884
753 ; 14235
754 ; 70097
755 ; 34811
756 ; 82593
757 ; 64162
758 ; 15710
759 ; 56814
760 ; 11047
761 ; 42670
762 ; 28185
763 ; 19612
764 ; 96052
765 ; 44577
766 ; 13842
767 ; 30897
768 ; 11338
769 ; 66511
770 ; 61082
771 ; 60469
772 ; 84660
773 ; 41319
774 ; 99854
775 ; 8140
776 ; 2088
777 ; 10567
778 ; 49980
779 ; 45667
780 ; 18341
781 ; 44498
782 ; 80227
783 ; 17079
784 ; 70062
785 ; 68825
786 ; 49989
787 ; 31785
788 ; 38884
789 ; 7737
790 ; 55473
791 ; 34820
792 ; 61191
793 ; 2494
794 ; 52240
795 ; 88625
796 ; 31421
797 ; 14971
798 ; 75996
799 ; 50714
800 ; 95808
801 ; 75555
802 ; 33496
803 ; 81629
804 ; 83420
805 ; 84739
806 ; 85446
807 ; 67527
808 ; 71384
809 ; 27808
810 ; 93263
811 ; 91805
812 ; 31162
813 ; 11987
814 ; 51585
815 ; 40113
816 ; 52759
817 ; 85418
818 ; 78396
819 ; 73146
820 ; 93730
821 ; 47358
822 ; 84642
823 ; 51583
824 ; 49878
825 ; 8958
826 ; 95214
827 ; 47551
828 ; 94491
829 ; 13997
830 ; 43174
831 ; 26982
832 ; 83025
833 ; 78963
834 ; 9101
835 ; 37252
836 ; 70080
837 ; 61839
838 ; 27424
839 ; 84457
840 ; 35560
841 ; 18973
842 ; 31624
843 ; 34729
844 ; 66887
845 ; 59414
846 ; 60183
847 ; 23930
848 ; 94148
849 ; 56079
850 ; 95138
851 ; 10138
852 ; 25039
853 ; 23137
854 ; 55146
855 ; 53269
856 ; 76498
857 ; 18972
858 ; 14895
859 ; 56229
860 ; 49885
861 ; 84111
862 ; 72774
863 ; 51961
864 ; 46597
865 ; 73488
866 ; 38653
867 ; 70769
868 ; 70982
869 ; 92418
870 ; 63654
871 ; 72285
872 ; 17441
873 ; 95657
874 ; 83791
875 ; 76465
876 ; 88576
877 ; 58922
878 ; 99354
879 ; 77980
880 ; 41273
881 ; 82249
882 ; 61909
883 ; 78383
884 ; 7589
885 ; 34561
886 ; 90787
887 ; 20420
888 ; 87316
889 ; 98820
890 ; 90946
891 ; 58873
892 ; 59103
893 ; 27144
894 ; 94069
895 ; 52287
896 ; 7007
897 ; 65258
898 ; 94785
899 ; 9990
900 ; 9344
901 ; 55652
902 ; 3877
903 ; 78739
904 ; 86731
905 ; 78834
906 ; 90362
907 ; 3414
908 ; 56166
909 ; 42032
910 ; 34309
911 ; 46085
912 ; 88057
913 ; 74744
914 ; 62277
915 ; 97874
916 ; 13037
917 ; 40492
918 ; 87245
919 ; 67954
920 ; 75472
921 ; 24161
922 ; 24906
923 ; 84071
924 ; 80519
925 ; 4303
926 ; 8206
927 ; 88971
928 ; 31613
929 ; 69775
930 ; 72002
931 ; 67095
932 ; 5260
933 ; 90090
934 ; 29709
935 ; 85925
936 ; 60006
937 ; 98848
938 ; 13813
939 ; 86352
940 ; 26470
941 ; 99635
942 ; 2133
943 ; 6444
944 ; 75295
945 ; 53754
946 ; 1689
947 ; 72984
948 ; 9911
949 ; 59168
950 ; 12074
951 ; 45162
952 ; 80979
953 ; 80029
954 ; 40187
955 ; 44788
956 ; 69381
957 ; 36168
958 ; 88207
959 ; 57398
960 ; 34650
961 ; 11919
962 ; 86687
963 ; 38644
964 ; 75695
965 ; 93657
966 ; 94641
967 ; 10322
968 ; 719
969 ; 95423
970 ; 38496
971 ; 80432
972 ; 53172
973 ; 82001
974 ; 11785
975 ; 71629
976 ; 90657
977 ; 48844
978 ; 7462
979 ; 92455
980 ; 63619
981 ; 68201
982 ; 4702
983 ; 35712
984 ; 90729
985 ; 60834
986 ; 82078
987 ; 38362
988 ; 77815
989 ; 2695
990 ; 78969
991 ; 87330
992 ; 77225
993 ; 25940
994 ; 77096
995 ; 5569
996 ; 34495
997 ; 23653
998 ; 24040
999 ; 2785
1000 ; 19196
