1 ; 15643
2 ; 97663
3 ; 76011
4 ; 34934
5 ; 18918
6 ; 30453
7 ; 71338
8 ; 93432
9 ; 73148
10 ; 73003
11 ; 63605
12 ; 36950
13 ; 44614
14 ; 49418
15 ; 98889
16 ; 21485
17 ; 60440
18 ; 53635
19 ; 40106
20 ; 1442
21 ; 37535
22 ; 62785
23 ; 60705
24 ; 94084
25 ; 62120
26 ; 1931
27 ; 24876
28 ; 12519
29 ; 29221
30 ; 82040
31 ; 38665
32 ; 64131
33 ; 1494
34 ; 83082
35 ; 6355
36 ; 61309
37 ; 96759
38 ; 4108
39 ; 76502
40 ; 41353
41 ; 63625
42 ; 52208
43 ; 11988
44 ; 42443
45 ; 54574
46 ; 92207
47 ; 68475
48 ; 32532
49 ; 55878
50 ; 28970
51 ; 15638
52 ; 38042
53 ; 83732
54 ; 44213
55 ; 85537
56 ; 69245
57 ; 5968
58 ; 59672
59 ; 82518
60 ; 89196
61 ; 98733
62 ; 48517
63 ; 39012
64 ; 23094
65 ; 97504
66 ; 66881
67 ; 51606
68 ; 54953
69 ; 51809
70 ; 27385
71 ; 81764
72 ; 8445
73 ; 43040
74 ; 86527
75 ; 55569
76 ; 58803
77 ; 74721
78 ; 67815
79 ; 46868
80 ; 72656
81 ; 94618
82 ; 92517
83 ; 78185
84 ; 22660
85 ; 58055
86 ; 39900
87 ; 23785
88 ; 73818
89 ; 91818
90 ; 8843
91 ; 49264
92 ; 88348
93 ; 68020
94 ; 2685
95 ; 72031
96 ; 45985
97 ; 47302
98 ; 9193
99 ; 77072
100 ; 26585
101 ; 745
102 ; 97526
103 ; 72351
104 ; 51910
105 ; 69865
106 ; 4059
107 ; 18250
108 ; 33467
109 ; 74074
110 ; 28953
111 ; 15390
112 ; 23278
113 ; 24975
114 ; 15346
115 ; 85240
116 ; 14453
117 ; 56866
118 ; 33025
119 ; 27864
120 ; 88444
121 ; 32829
122 ; 38481
123 ; 91200
124 ; 55851
125 ; 35788
126 ; 33190
127 ; 36232
128 ; 87662
129 ; 3891
130 ; 92025
131 ; 32434
132 ; 83797
133 ; 19615
134 ; 83648
135 ; 67870
136 ; 75825
137 ; 11946
138 ; 54781
139 ; 8308
140 ; 10746
141 ; 81027
142 ; 207
143 ; 89741
144 ; 12694
145 ; 4640
146 ; 90401
147 ; 78674
148 ; 69451
149 ; 35902
150 ; 78642
151 ; 84566
152 ; 40637
153 ; 51535
154 ; 59499
155 ; 58792
156 ; 34452
157 ; 60117
158 ; 556
159 ; 64500
160 ; 49859
161 ; 29649
162 ; 19258
163 ; 51751
164 ; 31057
165 ; 43845
166 ; 26742
167 ; 22298
168 ; 31143
169 ; 46505
170 ; 10542
171 ; 18393
172 ; 31826
173 ; 83347
174 ; 78035
175 ; 19992
176 ; 16075
177 ; 679
178 ; 32501
179 ; 84732
180 ; 40559
181 ; 10275
182 ; 3678
183 ; 15059
184 ; 4786
185 ; 79846
186 ; 4685
187 ; 86878
188 ; 63777
189 ; 58465
190 ; 37180
191 ; 24097
192 ; 81185
193 ; 96328
194 ; 16649
195 ; 53456
196 ; 69708
197 ; 68234
198 ; 39673
199 ; 23992
200 ; 15690
201 ; 60138
202 ; 65068
203 ; 25533
204 ; 34770
205 ; 28179
206 ; 30773
207 ; 90593
208 ; 55466
209 ; 89531
210 ; 78341
211 ; 14035
212 ; 77557
213 ; 54473
214 ; 6939
215 ; 74885
216 ; 2157
217 ; 59046
218 ; 28702
219 ; 94671
220 ; 80324
221 ; 7661
222 ; 47334
223 ; 16658
224 ; 77122
225 ; 85057
226 ; 31831
227 ; 40355
228 ; 97967
229 ; 46957
230 ; 7183
231 ; 95679
232 ; 74169
233 ; 48818
234 ; 33961
235 ; 91128
236 ; 54513
237 ; 22041
238 ; 98630
239 ; 20366
240 ; 99788
241 ; 57012
242 ; 86490
243 ; 61577
244 ; 27101
245 ; 2358
246 ; 59103
247 ; 53960
248 ; 888
249 ; 39793
250 ; 8089
251 ; 85762
252 ; 17467
253 ; 43912
254 ; 7167
255 ; 78193
256 ; 80029
257 ; 86338
258 ; 34309
259 ; 99632
260 ; 10928
261 ; 93563
262 ; 85888
263 ; 94465
264 ; 98156
265 ; 17891
266 ; 54695
267 ; 60955
268 ; 22868
269 ; 30827
270 ; 93693
271 ; 62511
272 ; 64838
273 ; 98312
274 ; 37393
275 ; 6729
276 ; 32721
277 ; 47168
278 ; 2723
279 ; 76577
280 ; 15995
281 ; 82122
282 ; 41258
283 ; 48113
284 ; 5455
285 ; 62800
286 ; 64699
287 ; 79090
288 ; 79139
289 ; 49
290 ; 15466
291 ; 2845
292 ; 558
293 ; 80979
294 ; 4280
295 ; 11829
296 ; 26105
297 ; 82079
298 ; 86621
299 ; 65165
300 ; 68521
301 ; 79805
302 ; 99920
303 ; 4599
304 ; 13286
305 ; 17998
306 ; 33368
307 ; 13235
308 ; 34822
309 ; 41514
310 ; 52228
311 ; 1402
312 ; 9367
313 ; 55442
314 ; 48497
315 ; 54063
316 ; 71412
317 ; 19279
318 ; 39829
319 ; 24107
320 ; 10561
321 ; 35444
322 ; 88558
323 ; 5925
324 ; 55700
325 ; 41503
326 ; 62724
327 ; 73626
328 ; 43342
329 ; 65478
330 ; 10965
331 ; 18284
332 ; 17032
333 ; 53619
334 ; 73146
335 ; 68580
336 ; 54678
337 ; 30009
338 ; 98610
339 ; 29216
340 ; 70684
341 ; 97385
342 ; 93921
343 ; 21478
344 ; 89769
345 ; 38538
346 ; 71971
347 ; 60327
348 ; 39338
349 ; 27682
350 ; 24330
351 ; 52382
352 ; 57279
353 ; 11150
354 ; 88718
355 ; 49181
356 ; 62071
357 ; 66810
358 ; 33462
359 ; 40085
360 ; 82069
361 ; 1560
362 ; 30827
363 ; 19215
364 ; 90840
365 ; 96287
366 ; 41082
367 ; 10777
368 ; 45435
369 ; 57661
370 ; 79189
371 ; 87167
372 ; 74463
373 ; 86141
374 ; 85983
375 ; 64221
376 ; 12841
377 ; 19568
378 ; 75716
379 ; 7993
380 ; 30106
381 ; 61714
382 ; 81848
383 ; 37425
384 ; 49150
385 ; 55170
386 ; 72952
387 ; 57294
388 ; 2265
389 ; 7951
390 ; 60611
391 ; 5810
392 ; 21364
393 ; 33172
394 ; 71184
395 ; 51232
396 ; 9255
397 ; 11203
398 ; 3313
399 ; 21887
400 ; 88854
401 ; 33644
402 ; 43049
403 ; 3957
404 ; 77189
405 ; 38522
406 ; 58466
407 ; 91424
408 ; 81096
409 ; 96067
410 ; 45646
411 ; 22526
412 ; 61464
413 ; 54456
414 ; 47906
415 ; 87121
416 ; 62908
417 ; 4883
418 ; 20142
419 ; 39323
420 ; 55749
421 ; 75349
422 ; 60160
423 ; 99782
424 ; 87178
425 ; 12536
426 ; 78884
427 ; 81989
428 ; 88464
429 ; 61135
430 ; 31298
431 ; 26984
432 ; 35104
433 ; 24
434 ; 80009
435 ; 80833
436 ; 6767
437 ; 44638
438 ; 13298
439 ; 99253
440 ; 43926
441 ; 74944
442 ; 89548
443 ; 13763
444 ; 48039
445 ; 98365
446 ; 29902
447 ; 43732
448 ; 22161
449 ; 7040
450 ; 31045
451 ; 88701
452 ; 98866
453 ; 38805
454 ; 19977
455 ; 85354
456 ; 52339
457 ; 1247
458 ; 22655
459 ; 63510
460 ; 41528
461 ; 68228
462 ; 68373
463 ; 85517
464 ; 81231
465 ; 8241
466 ; 1763
467 ; 3414
468 ; 87977
469 ; 53978
470 ; 24285
471 ; 18251
472 ; 97594
473 ; 72483
474 ; 37087
475 ; 75919
476 ; 1327
477 ; 45271
478 ; 7108
479 ; 83892
480 ; 97394
481 ; 17770
482 ; 28292
483 ; 83235
484 ; 4834
485 ; 27494
486 ; 99802
487 ; 60257
488 ; 36548
489 ; 70278
490 ; 93096
491 ; 32198
492 ; 78384
493 ; 13999
494 ; 29747
495 ; 91308
496 ; 71158
497 ; 19110
498 ; 41881
499 ; 41696
500 ; 42476
501 ; 75403
502 ; 37103
503 ; 13334
504 ; 85240
505 ; 14344
506 ; 39800
507 ; 87583
508 ; 29704
509 ; 6380
510 ; 30672
511 ; 18614
512 ; 5963
513 ; 2577
514 ; 56391
515 ; 85107
516 ; 43746
517 ; 29964
518 ; 31253
519 ; 56594
520 ; 6384
521 ; 99976
522 ; 2684
523 ; 8829
524 ; 5844
525 ; 39342
526 ; 2506
527 ; 72556
528 ; 95679
529 ; 2823
530 ; 55806
531 ; 50048
532 ; 88792
533 ; 77150
534 ; 69308
535 ; 83795
536 ; 96878
537 ; 35559
538 ; 71100
539 ; 11718
540 ; 38418
541 ; 52274
542 ; 23615
543 ; 93282
544 ; 12103
545 ; 36337
546 ; 81724
547 ; 40875
548 ; 82568
549 ; 94142
550 ; 17819
551 ; 40845
552 ; 75298
553 ; 80062
554 ; 85768
555 ; 98554
556 ; 27594
557 ; 44526
558 ; 45609
559 ; 91834
560 ; 92465
561 ; 38944
562 ; 20860
563 ; 67215
564 ; 42332
565 ; 86833
566 ; 10328
567 ; 63300
568 ; 69399
569 ; 80539
570 ; 26275
571 ; 95664
572 ; 29593
573 ; 12909
574 ; 80836
575 ; 87657
576 ; 26922
577 ; 3304
578 ; 92547
579 ; 81472
580 ; 85145
581 ; 27327
582 ; 34868
583 ; 13864
584 ; 3617
585 ; 9633
586 ; 98575
587 ; 90899
588 ; 44195
589 ; 89194
590 ; 89891
591 ; 46091
592 ; 46063
593 ; 16413
594 ; 36235
595 ; 16319
596 ; 15375
597 ; 91439
598 ; 21466
599 ; 19891
600 ; 86567
601 ; 3068
602 ; 22489
603 ; 71134
604 ; 2229
605 ; 77615
606 ; 69107
607 ; 15875
608 ; 8404
609 ; 97105
610 ; 98992
611 ; 22205
612 ; 12194
613 ; 96194
614 ; 29640
615 ; 10882
616 ; 98544
617 ; 97160
618 ; 19205
619 ; 59766
620 ; 53084
621 ; 92365
622 ; 38062
623 ; 66649
624 ; 87893
625 ; 33547
626 ; 23001
627 ; 4853
628 ; 17077
629 ; 37329
630 ; 35901
631 ; 55986
632 ; 79022
633 ; 66305
634 ; 98779
635 ; 54217
636 ; 52200
637 ; 95098
638 ; 27075
639 ; 26448
640 ; 61406
641 ; 20744
642 ; 33065
643 ; 62757
644 ; 21307
645 ; 26792
646 ; 21252
647 ; 1502
648 ; 14156
649 ; 60490
650 ; 47633
651 ; 63432
652 ; 48572
653 ; 32432
654 ; 64708
655 ; 19207
656 ; 96251
657 ; 98036
658 ; 24103
659 ; 24688
660 ; 53469
661 ; 30241
662 ; 58688
663 ; 8377
664 ; 24278
665 ; 42785
666 ; 16058
667 ; 45378
668 ; 72253
669 ; 73441
670 ; 65263
671 ; 2259
672 ; 37663
673 ; 86599
674 ; 48650
675 ; 87186
676 ; 66953
677 ; 4546
678 ; 695
679 ; 89704
680 ; 51404
681 ; 26845
682 ; 5710
683 ; 44547
684 ; 21847
685 ; 47164
686 ; 16288
687 ; 3837
688 ; 96308
689 ; 26945
690 ; 4359
691 ; 52069
692 ; 27454
693 ; 35288
694 ; 66754
695 ; 48229
696 ; 46725
697 ; 14415
698 ; 57115
699 ; 29454
700 ; 52014
701 ; 80098
702 ; 66069
703 ; 60571
704 ; 35782
705 ; 16422
706 ; 21502
707 ; 63924
708 ; 474
709 ; 74257
710 ; 30835
711 ; 13843
712 ; 58116
713 ; 32822
714 ; 37163
715 ; 30138
716 ; 60969
717 ; 33704
718 ; 11137
719 ; 54989
720 ; 60110
721 ; 46714
722 ; 50465
723 ; 47616
724 ; 38815
725 ; 76956
726 ; 8903
727 ; 81087
728 ; 17628
729 ; 72481
730 ; 26613
731 ; 75660
732 ; 77982
733 ; 41901
734 ; 83764
735 ; 53019
736 ; 1247
737 ; 41341
738 ; 49253
739 ; 45779
740 ; 70087
741 ; 40098
742 ; 46413
743 ; 46648
744 ; 28994
745 ; 24392
746 ; 7590
747 ; 31606
748 ; 50876
749 ; 48572
750 ; 39465
751 ; 41486
752 ; 6578
753 ; 93159
754 ; 70989
755 ; 56324
756 ; 84205
757 ; 39108
758 ; 5814
759 ; 46865
760 ; 55126
761 ; 17642
762 ; 51089
763 ; 37585
764 ; 33530
765 ; 45056
766 ; 44496
767 ; 65614
768 ; 26417
769 ; 1860
770 ; 51411
771 ; 69934
772 ; 20887
773 ; 65621
774 ; 54046
775 ; 95224
776 ; 5615
777 ; 56902
778 ; 4469
779 ; 44728
780 ; 73378
781 ; 7659
782 ; 63357
783 ; 66525
784 ; 1508
785 ; 11471
786 ; 96376
787 ; 7564
788 ; 57156
789 ; 64982
790 ; 50042
791 ; 19857
792 ; 24234
793 ; 59931
794 ; 78957
795 ; 53192
796 ; 98908
797 ; 35144
798 ; 46289
799 ; 18741
800 ; 50524
801 ; 47856
802 ; 69357
803 ; 57945
804 ; 94840
805 ; 73749
806 ; 32225
807 ; 1049
808 ; 76432
809 ; 95074
810 ; 37149
811 ; 49656
812 ; 7162
813 ; 86236
814 ; 16774
815 ; 67680
816 ; 57570
817 ; 56215
818 ; 78945
819 ; 15080
820 ; 48072
821 ; 57189
822 ; 6013
823 ; 8730
824 ; 36841
825 ; 18759
826 ; 80505
827 ; 44821
828 ; 51239
829 ; 17121
830 ; 59038
831 ; 67161
832 ; 59678
833 ; 38582
834 ; 66348
835 ; 15746
836 ; 30789
837 ; 46782
838 ; 31316
839 ; 39979
840 ; 76771
841 ; 13003
842 ; 36856
843 ; 10914
844 ; 27790
845 ; 18946
846 ; 5549
847 ; 16900
848 ; 34311
849 ; 91331
850 ; 92890
851 ; 76993
852 ; 44234
853 ; 77717
854 ; 10033
855 ; 56525
856 ; 51713
857 ; 22909
858 ; 47897
859 ; 19185
860 ; 64523
861 ; 55318
862 ; 24517
863 ; 11
864 ; 86861
865 ; 42667
866 ; 27515
867 ; 33645
868 ; 64453
869 ; 26395
870 ; 73559
871 ; 22243
872 ; 88835
873 ; 94163
874 ; 56691
875 ; 77406
876 ; 7698
877 ; 99807
878 ; 7393
879 ; 20507
880 ; 38151
881 ; 90134
882 ; 34282
883 ; 75798
884 ; 29797
885 ; 47928
886 ; 70280
887 ; 40659
888 ; 74488
889 ; 10540
890 ; 95169
891 ; 67373
892 ; 9633
893 ; 73442
894 ; 56373
895 ; 40800
896 ; 11932
897 ; 38112
898 ; 59866
899 ; 86323
900 ; 28423
901 ; 13638
902 ; 53073
903 ; 92446
904 ; 41701
905 ; 31399
906 ; 71629
907 ; 82406
908 ; 16198
909 ; 82213
910 ; 71891
911 ; 19200
912 ; 22386
913 ; 35316
914 ; 21063
915 ; 78365
916 ; 85791
917 ; 48560
918 ; 66808
919 ; 72925
920 ; 57682
921 ; 29187
922 ; 58235
923 ; 64849
924 ; 54319
925 ; 54572
926 ; 40128
927 ; 47414
928 ; 61624
929 ; 12297
930 ; 92283
931 ; 32839
932 ; 52167
933 ; 68936
934 ; 35847
935 ; 29566
936 ; 11321
937 ; 26934
938 ; 78521
939 ; 43567
940 ; 19476
941 ; 78932
942 ; 20503
943 ; 88051
944 ; 87188
945 ; 18941
946 ; 93054
947 ; 35938
948 ; 90122
949 ; 19724
950 ; 51544
951 ; 99489
952 ; 685
953 ; 35758
954 ; 94884
955 ; 71452
956 ; 63204
957 ; 41165
958 ; 33180
959 ; 12115
960 ; 9547
961 ; 61973
962 ; 75521
963 ; 16625
964 ; 62030
965 ; 12089
966 ; 59747
967 ; 46959
968 ; 20522
969 ; 92364
970 ; 96092
971 ; 62915
972 ; 80594
973 ; 62108
974 ; 46564
975 ; 36510
976 ; 79602
977 ; 42450
978 ; 11948
979 ; 84139
980 ; 17570
981 ; 60909
982 ; 48294
983 ; 893
984 ; 49759
985 ; 96539
986 ; 84778
987 ; 31395
988 ; 97789
989 ; 35053
990 ; 64802
991 ; 61538
992 ; 76182
993 ; 93269
994 ; 82214
995 ; 65489
996 ; 81227
997 ; 22271
998 ; 34516
999 ; 92354
1000 ; 39006
