541  871.00
47  454.00
901  298.00
855  599.00
308  560.00
523  494.00
341  1508.00
786  1210.00
91  1195.00
190  1278.00
577  908.00
491  927.00
596  1484.00
994  646.00
801  876.00
378  897.00
877  1220.00
310  1030.00
379  1419.00
486  1440.00
32  735.00
70  160.00
903  1051.00
161  1015.00
117  1064.00
34  511.00
969  1038.00
888  115.00
614  1593.00
146  861.00
896  731.00
154  865.00
544  1567.00
148  1281.00
9  216.00
851  528.00
22  175.00
701  125.00
988  490.00
464  122.00
243  1303.00
565  1298.00
954  950.00
838  1187.00
558  696.00
107  578.00
567  484.00
43  317.00
768  1508.00
945  655.00
271  509.00
799  644.00
367  716.00
526  1460.00
959  1559.00
483  532.00
911  723.00
279  1349.00
722  547.00
525  717.00
424  963.00
383  1178.00
678  1482.00
319  930.00
689  860.00
38  1598.00
170  1358.00
138  1287.00
739  475.00
509  600.00
602  1310.00
333  530.00
425  299.00
907  1012.00
832  469.00
334  895.00
365  1490.00
736  1205.00
119  1112.00
132  251.00
135  261.00
742  374.00
282  795.00
398  1229.00
267  234.00
592  1106.00
880  161.00
177  858.00
871  855.00
953  609.00
268  1475.00
294  218.00
922  539.00
731  209.00
613  1401.00
390  1299.00
120  559.00
134  1511.00
527  1339.00
858  935.00
60  512.00
480  1049.00
542  217.00
419  711.00
609  461.00
711  587.00
752  1506.00
103  703.00
798  192.00
223  1371.00
235  854.00
830  705.00
964  145.00
516  401.00
227  334.00
582  631.00
108  1407.00
459  748.00
110  241.00
978  1015.00
763  109.00
163  116.00
623  1485.00
684  548.00
245  577.00
587  1286.00
73  600.00
364  1037.00
72  1550.00
952  339.00
574  724.00
418  462.00
783  140.00
115  841.00
188  1073.00
521  853.00
826  1328.00
939  1331.00
624  1456.00
83  1421.00
513  1454.00
968  1063.00
452  526.00
828  351.00
725  1364.00
31  1113.00
761  1235.00
184  1172.00
489  613.00
263  1376.00
407  939.00
251  622.00
385  245.00
136  1176.00
287  1422.00
981  722.00
74  1215.00
993  774.00
344  511.00
498  1165.00
14  1013.00
917  1135.00
915  1527.00
797  1405.00
384  377.00
102  1352.00
317  658.00
561  105.00
392  1435.00
940  867.00
183  278.00
905  1290.00
149  330.00
987  1057.00
84  393.00
874  1594.00
369  922.00
845  1528.00
409  1518.00
209  1435.00
67  157.00
750  857.00
811  457.00
803  302.00
393  786.00
97  631.00
550  1276.00
482  401.00
160  1306.00
126  188.00
331  318.00
173  1071.00
395  1223.00
284  245.00
585  877.00
130  352.00
698  349.00
638  1435.00
690  710.00
90  184.00
898  1054.00
872  888.00
346  226.00
78  1284.00
210  697.00
429  872.00
303  1279.00
578  1519.00
273  800.00
965  1197.00
792  1354.00
691  1209.00
632  807.00
597  563.00
493  1411.00
33  345.00
45  1095.00
275  1440.00
226  998.00
204  1153.00
753  1528.00
556  1216.00
729  624.00
499  1503.00
153  213.00
49  1401.00
628  256.00
850  462.00
686  1589.00
976  866.00
291  546.00
615  1043.00
540  506.00
636  1025.00
692  1080.00
749  1456.00
417  297.00
262  759.00
439  1375.00
41  1349.00
704  708.00
169  1482.00
732  959.00
688  267.00
8  445.00
576  1122.00
79  512.00
657  292.00
203  962.00
304  1410.00
717  1345.00
955  1242.00
212  1026.00
48  722.00
805  1146.00
488  1139.00
668  875.00
784  1302.00
213  353.00
883  1216.00
899  920.00
856  1152.00
497  1012.00
991  178.00
201  577.00
276  492.00
444  1534.00
520  774.00
181  1151.00
475  1310.00
300  875.00
236  611.00
643  1192.00
891  586.00
923  779.00
111  389.00
606  109.00
354  1543.00
740  582.00
808  1323.00
512  206.00
339  679.00
114  966.00
220  1132.00
487  1301.00
270  864.00
583  1024.00
770  577.00
53  918.00
59  1277.00
566  545.00
504  590.00
3  829.00
62  1457.00
847  668.00
408  158.00
249  349.00
290  603.00
104  1184.00
781  252.00
116  665.00
403  460.00
16  764.00
451  609.00
785  1298.00
515  295.00
388  898.00
413  1307.00
644  238.00
843  232.00
902  1383.00
652  344.00
533  1164.00
655  1101.00
531  229.00
20  1217.00
637  365.00
454  1505.00
703  546.00
982  1535.00
631  1534.00
620  992.00
545  525.00
420  1116.00
681  849.00
391  1093.00
152  1174.00
281  1099.00
715  448.00
255  759.00
61  1251.00
593  1013.00
554  1471.00
428  767.00
252  374.00
793  1169.00
718  962.00
829  1173.00
534  1229.00
361  1453.00
23  157.00
435  1012.00
13  549.00
555  1573.00
802  865.00
884  1030.00
926  1191.00
438  1482.00
705  935.00
980  137.00
478  1417.00
642  1222.00
599  1029.00
374  694.00
948  738.00
453  279.00
764  187.00
99  312.00
332  1278.00
972  536.00
353  1323.00
323  1281.00
647  301.00
222  1194.00
751  449.00
835  576.00
343  1116.00
468  163.00
800  501.00
39  745.00
737  1516.00
457  910.00
473  509.00
193  818.00
12  884.00
626  126.00
315  248.00
289  475.00
415  1508.00
476  1436.00
269  512.00
7  177.00
757  1058.00
219  1442.00
618  771.00
875  196.00
780  473.00
382  1210.00
155  760.00
760  503.00
881  498.00
508  484.00
933  184.00
552  700.00
868  430.00
185  533.00
627  1528.00
373  298.00
4  949.00
216  781.00
411  943.00
999  865.00
672  1591.00
496  204.00
728  435.00
35  875.00
861  230.00
664  584.00
676  102.00
553  490.00
747  772.00
296  867.00
368  919.00
357  230.00
514  1061.00
699  1590.00
787  678.00
363  1434.00
142  1201.00
942  1338.00
873  337.00
370  451.00
449  574.00
909  421.00
967  1403.00
656  1257.00
93  1207.00
859  1331.00
69  1455.00
96  556.00
327  512.00
744  1151.00
10  173.00
214  856.00
389  107.00
840  509.00
113  483.00
601  590.00
866  1345.00
412  486.00
579  980.00
503  517.00
707  1253.00
450  300.00
570  999.00
221  714.00
17  642.00
187  1577.00
935  900.00
511  595.00
650  167.00
863  1137.00
242  947.00
329  994.00
669  310.00
943  750.00
931  1003.00
985  1417.00
702  834.00
206  1210.00
143  725.00
29  1598.00
989  761.00
192  799.00
997  854.00
754  1121.00
995  1560.00
455  1590.00
834  111.00
919  157.00
932  476.00
337  991.00
958  574.00
569  481.00
734  1543.00
307  325.00
157  1447.00
756  938.00
588  302.00
92  1099.00
885  1433.00
237  721.00
852  636.00
848  1132.00
182  115.00
172  846.00
167  283.00
758  1370.00
633  1016.00
941  1017.00
335  981.00
522  493.00
539  1015.00
380  142.00
313  1544.00
610  622.00
133  1515.00
147  1504.00
68  612.00
839  1526.00
746  1561.00
946  1340.00
771  1270.00
66  887.00
882  573.00
541  1213.00
297  1112.00
680  772.00
230  903.00
462  166.00
338  271.00
217  737.00
735  1140.00
970  1159.00
371  269.00
687  1507.00
205  757.00
518  804.00
662  1278.00
594  173.00
648  221.00
176  659.00
984  567.00
322  1489.00
244  1053.00
118  863.00
175  863.00
876  969.00
528  768.00
474  227.00
377  895.00
862  1081.00
639  1467.00
795  917.00
825  721.00
773  792.00
400  883.00
575  585.00
342  1464.00
960  186.00
810  652.00
292  487.00
961  823.00
381  544.00
471  1546.00
360  1345.00
437  451.00
755  703.00
165  549.00
646  129.00
721  1129.00
738  1023.00
178  688.00
240  448.00
387  1264.00
532  494.00
572  1211.00
913  527.00
302  215.00
207  731.00
507  1006.00
197  1010.00
892  213.00
824  873.00
15  680.00
938  834.00
957  417.00
708  1463.00
283  1319.00
683  633.00
937  1549.00
258  723.00
974  1020.00
314  1125.00
467  1167.00
804  1318.00
762  1222.00
225  371.00
259  421.00
790  171.00
366  400.00
71  1450.00
536  1446.00
356  1341.00
233  650.00
82  1462.00
433  587.00
141  262.00
27  741.00
254  702.00
962  893.00
208  147.00
5  464.00
853  1358.00
831  1272.00
653  1044.00
727  592.00
436  1589.00
123  907.00
580  664.00
837  622.00
944  1209.00
432  139.00
162  394.00
280  1086.00
912  1559.00
463  112.00
581  708.00
649  330.00
651  434.00
21  1131.00
150  982.00
202  636.00
619  1330.00
386  723.00
563  1539.00
733  1192.00
908  1562.00
495  201.00
131  334.00
608  664.00
456  1346.00
224  381.00
321  1029.00
661  1105.00
925  1554.00
924  473.00
11  449.00
431  395.00
726  133.00
211  1365.00
595  918.00
712  1242.00
194  257.00
427  1212.00
846  728.00
666  216.00
414  1577.00
812  188.00
674  798.00
298  763.00
659  1219.00
288  180.00
796  1299.00
893  949.00
64  1156.00
710  1590.00
849  542.00
492  1118.00
560  191.00
741  1128.00
548  183.00
277  290.00
229  261.00
936  1112.00
218  1295.00
505  215.00
730  337.00
700  496.00
889  511.00
860  370.00
673  262.00
996  181.00
443  364.00
401  419.00
685  145.00
501  1344.00
52  887.00
272  122.00
128  1432.00
466  1585.00
841  785.00
326  1052.00
788  165.00
19  837.00
328  753.00
775  1573.00
914  827.00
791  1547.00
930  1092.00
549  1271.00
1000  1075.00
479  1527.00
422  1461.00
228  1237.00
890  1039.00
568  1508.00
886  204.00
869  128.00
571  404.00
551  967.00
500  399.00
80  566.00
77  1048.00
442  663.00
460  1237.00
635  1446.00
616  408.00
88  524.00
51  1468.00
144  592.00
256  509.00
199  1006.00
794  1544.00
44  927.00
345  243.00
537  1050.00
247  900.00
713  1322.00
105  997.00
186  744.00
347  993.00
434  825.00
195  671.00
807  1206.00
564  814.00
306  110.00
716  1114.00
827  1270.00
196  139.00
629  271.00
634  638.00
857  790.00
472  1089.00
477  438.00
402  205.00
470  727.00
590  284.00
723  865.00
895  1503.00
502  505.00
179  1358.00
990  413.00
675  1411.00
658  154.00
65  1592.00
573  1554.00
546  1104.00
603  892.00
309  1276.00
2  854.00
998  1537.00
693  1022.00
612  431.00
6  608.00
37  628.00
112  1145.00
879  971.00
359  495.00
362  1167.00
286  1362.00
951  666.00
934  205.00
168  904.00
490  155.00
920  896.00
956  1009.00
778  782.00
352  1080.00
325  275.00
950  686.00
772  1485.00
189  1533.00
351  1351.00
864  148.00
769  1587.00
817  195.00
140  454.00
743  1444.00
867  1339.00
774  483.00
266  698.00
887  1276.00
265  1405.00
215  1029.00
714  637.00
311  785.00
372  926.00
928  360.00
56  1180.00
842  493.00
274  474.00
833  598.00
776  951.00
81  1278.00
992  654.00
538  247.00
36  1039.00
121  188.00
410  1227.00
404  1214.00
174  1126.00
159  1465.00
900  1499.00
484  1229.00
529  365.00
745  339.00
720  1324.00
461  720.00
671  183.00
586  1064.00
697  1103.00
231  781.00
336  1092.00
600  908.00
641  562.00
806  481.00
421  445.00
301  1388.00
87  741.00
748  1526.00
447  633.00
724  1467.00
983  524.00
622  1484.00
694  1497.00
822  1430.00
709  131.00
481  937.00
929  1519.00
814  111.00
441  551.00
239  1045.00
809  328.00
171  803.00
426  675.00
399  593.00
318  1042.00
257  751.00
640  1213.00
767  1125.00
241  215.00
777  716.00
517  658.00
396  1208.00
765  376.00
278  1120.00
562  1589.00
979  722.00
180  908.00
151  1083.00
18  648.00
349  1441.00
261  950.00
589  1424.00
416  178.00
85  848.00
358  1255.00
28  209.00
129  537.00
191  1526.00
485  220.00
611  1340.00
766  1323.00
324  448.00
779  543.00
469  750.00
621  942.00
348  1485.00
76  1402.00
921  907.00
971  1362.00
246  1517.00
25  1524.00
250  420.00
820  1477.00
973  300.00
50  1440.00
458  1467.00
260  922.00
904  1100.00
975  1302.00
58  322.00
604  1294.00
375  1004.00
679  499.00
98  1372.00
818  604.00
248  506.00
530  1481.00
986  1041.00
253  432.00
910  454.00
55  782.00
125  507.00
598  1154.00
299  1225.00
894  1158.00
816  496.00
906  1463.00
977  960.00
823  156.00
815  1225.00
524  1229.00
535  1580.00
557  1546.00
122  1107.00
949  632.00
46  238.00
963  1326.00
94  1455.00
870  1239.00
878  1028.00
397  529.00
844  1285.00
26  432.00
543  928.00
448  1057.00
293  937.00
137  186.00
494  1290.00
75  378.00
63  870.00
305  144.00
916  1060.00
158  1278.00
264  1199.00
654  1038.00
670  836.00
139  447.00
30  1253.00
719  548.00
285  503.00
682  1230.00
854  529.00
446  835.00
445  1528.00
607  1536.00
394  1368.00
665  167.00
947  1262.00
584  1575.00
918  158.00
625  690.00
24  504.00
406  1343.00
897  1023.00
340  185.00
430  1152.00
86  712.00
510  623.00
316  842.00
355  990.00
821  1394.00
559  887.00
759  803.00
198  1072.00
695  486.00
677  593.00
295  660.00
127  1185.00
819  246.00
350  1460.00
238  1589.00
234  228.00
519  389.00
630  824.00
54  157.00
156  326.00
166  944.00
106  224.00
100  340.00
405  919.00
547  634.00
660  1283.00
101  176.00
927  729.00
95  1058.00
376  261.00
813  281.00
966  170.00
232  784.00
836  1023.00
440  1060.00
706  930.00
109  662.00
312  615.00
465  402.00
789  1400.00
124  1108.00
57  1314.00
200  986.00
423  106.00
506  1174.00
330  1327.00
663  235.00
89  316.00
591  903.00
164  292.00
696  894.00
40  248.00
145  768.00
42  1134.00
320  1067.00
645  154.00
1  817.00
667  1143.00
605  783.00
782  275.00
865  156.00
