1  1524.00
2  1104.00
3  573.00
4  1583.00
5  902.00
6  690.00
7  180.00
8  126.00
9  1050.00
10  262.00
11  805.00
12  1018.00
13  268.00
14  760.00
15  777.00
16  100.00
17  788.00
18  1030.00
19  932.00
20  1336.00
21  181.00
22  1004.00
23  1450.00
24  600.00
25  317.00
26  1347.00
27  1435.00
28  178.00
29  1102.00
30  834.00
31  1396.00
32  1027.00
33  690.00
34  369.00
35  1362.00
36  1493.00
37  1311.00
38  294.00
39  1519.00
40  1114.00
41  457.00
42  1076.00
43  532.00
44  977.00
45  236.00
46  1561.00
47  978.00
48  1276.00
49  1343.00
50  310.00
51  1364.00
52  276.00
53  1567.00
54  1566.00
55  1128.00
56  284.00
57  1314.00
58  963.00
59  714.00
60  816.00
61  549.00
62  510.00
63  595.00
64  1139.00
65  779.00
66  709.00
67  1032.00
68  843.00
69  904.00
70  1304.00
71  357.00
72  113.00
73  780.00
74  1141.00
75  990.00
76  1269.00
77  1102.00
78  720.00
79  1297.00
80  1197.00
81  931.00
82  1062.00
83  1373.00
84  898.00
85  1028.00
86  1253.00
87  1434.00
88  1094.00
89  616.00
90  901.00
91  311.00
92  1065.00
93  1311.00
94  1158.00
95  604.00
96  843.00
97  268.00
98  389.00
99  1586.00
100  1424.00
101  1593.00
102  343.00
103  1437.00
104  773.00
105  1384.00
106  1179.00
107  794.00
108  1238.00
109  300.00
110  492.00
111  835.00
112  1483.00
113  1454.00
114  960.00
115  1133.00
116  1234.00
117  613.00
118  1319.00
119  729.00
120  1481.00
121  620.00
122  1292.00
123  1298.00
124  332.00
125  850.00
126  654.00
127  1075.00
128  1370.00
129  943.00
130  1061.00
131  1194.00
132  936.00
133  156.00
134  1383.00
135  462.00
136  1440.00
137  1315.00
138  1156.00
139  1078.00
140  1515.00
141  400.00
142  313.00
143  1398.00
144  254.00
145  1525.00
146  1283.00
147  1389.00
148  890.00
149  1002.00
150  870.00
151  771.00
152  1523.00
153  562.00
154  469.00
155  607.00
156  164.00
157  1023.00
158  434.00
159  1435.00
160  719.00
161  1395.00
162  1381.00
163  407.00
164  1451.00
165  1517.00
166  769.00
167  143.00
168  1232.00
169  678.00
170  1121.00
171  1499.00
172  978.00
173  186.00
174  149.00
175  1485.00
176  463.00
177  1332.00
178  126.00
179  1253.00
180  734.00
181  896.00
182  424.00
183  1009.00
184  210.00
185  1145.00
186  368.00
187  274.00
188  920.00
189  702.00
190  461.00
191  1539.00
192  849.00
193  243.00
194  699.00
195  1052.00
196  512.00
197  1368.00
198  1095.00
199  144.00
200  798.00
201  968.00
202  1543.00
203  529.00
204  1406.00
205  1592.00
206  766.00
207  269.00
208  176.00
209  792.00
210  1422.00
211  810.00
212  440.00
213  598.00
214  572.00
215  902.00
216  495.00
217  840.00
218  1076.00
219  1316.00
220  295.00
221  290.00
222  107.00
223  1044.00
224  785.00
225  706.00
226  497.00
227  1197.00
228  827.00
229  344.00
230  1241.00
231  377.00
232  1213.00
233  1536.00
234  1158.00
235  1019.00
236  380.00
237  324.00
238  1541.00
239  456.00
240  1368.00
241  1363.00
242  1166.00
243  208.00
244  714.00
245  490.00
246  1362.00
247  1109.00
248  1583.00
249  839.00
250  1177.00
251  278.00
252  1381.00
253  1185.00
254  1222.00
255  566.00
256  643.00
257  471.00
258  163.00
259  222.00
260  716.00
261  156.00
262  500.00
263  681.00
264  1592.00
265  1558.00
266  452.00
267  372.00
268  635.00
269  393.00
270  728.00
271  403.00
272  509.00
273  646.00
274  864.00
275  1475.00
276  1389.00
277  626.00
278  984.00
279  1372.00
280  217.00
281  562.00
282  1550.00
283  1498.00
284  499.00
285  1524.00
286  464.00
287  1394.00
288  748.00
289  879.00
290  1517.00
291  216.00
292  935.00
293  769.00
294  797.00
295  1279.00
296  1079.00
297  1501.00
298  1551.00
299  114.00
300  647.00
301  1031.00
302  418.00
303  1408.00
304  430.00
305  1182.00
306  1283.00
307  219.00
308  560.00
309  1019.00
310  1491.00
311  678.00
312  1481.00
313  293.00
314  576.00
315  732.00
316  569.00
317  1293.00
318  527.00
319  1217.00
320  572.00
321  796.00
322  185.00
323  1408.00
324  1465.00
325  882.00
326  1087.00
327  944.00
328  1136.00
329  1391.00
330  959.00
331  183.00
332  822.00
333  129.00
334  343.00
335  1152.00
336  1563.00
337  1526.00
338  123.00
339  523.00
340  945.00
341  366.00
342  1101.00
343  1179.00
344  911.00
345  430.00
346  663.00
347  1381.00
348  123.00
349  1442.00
350  1350.00
351  595.00
352  638.00
353  1436.00
354  403.00
355  855.00
356  1070.00
357  243.00
358  200.00
359  606.00
360  1534.00
361  1411.00
362  1041.00
363  1108.00
364  292.00
365  1284.00
366  1013.00
367  255.00
368  1562.00
369  1036.00
370  1030.00
371  1260.00
372  1303.00
373  532.00
374  1191.00
375  614.00
376  1214.00
377  254.00
378  747.00
379  1237.00
380  1597.00
381  498.00
382  584.00
383  987.00
384  686.00
385  888.00
386  243.00
387  156.00
388  1383.00
389  343.00
390  1015.00
391  1317.00
392  506.00
393  808.00
394  825.00
395  698.00
396  845.00
397  590.00
398  1205.00
399  807.00
400  1527.00
401  635.00
402  819.00
403  1230.00
404  1419.00
405  410.00
406  596.00
407  1033.00
408  565.00
409  1244.00
410  1022.00
411  914.00
412  494.00
413  1507.00
414  301.00
415  1080.00
416  1147.00
417  444.00
418  1136.00
419  930.00
420  1039.00
421  903.00
422  999.00
423  297.00
424  112.00
425  576.00
426  1247.00
427  1209.00
428  1067.00
429  852.00
430  768.00
431  994.00
432  1388.00
433  1488.00
434  976.00
435  1559.00
436  298.00
437  1472.00
438  993.00
439  763.00
440  1468.00
441  767.00
442  429.00
443  362.00
444  674.00
445  631.00
446  1342.00
447  221.00
448  1327.00
449  1231.00
450  1403.00
451  1119.00
452  534.00
453  802.00
454  168.00
455  898.00
456  1279.00
457  1316.00
458  859.00
459  746.00
460  568.00
461  1528.00
462  492.00
463  708.00
464  1416.00
465  1368.00
466  1020.00
467  114.00
468  1592.00
469  765.00
470  1130.00
471  1461.00
472  1432.00
473  1459.00
474  223.00
475  859.00
476  842.00
477  1466.00
478  980.00
479  922.00
480  1449.00
481  1136.00
482  441.00
483  735.00
484  338.00
485  861.00
486  1534.00
487  369.00
488  577.00
489  1145.00
490  1367.00
491  1398.00
492  1073.00
493  259.00
494  858.00
495  889.00
496  379.00
497  278.00
498  904.00
499  372.00
500  1295.00
501  786.00
502  585.00
503  1128.00
504  645.00
505  1060.00
506  387.00
507  240.00
508  1278.00
509  119.00
510  1062.00
511  1127.00
512  1507.00
513  255.00
514  263.00
515  246.00
516  1016.00
517  549.00
518  515.00
519  1494.00
520  1594.00
521  635.00
522  144.00
523  1068.00
524  794.00
525  1254.00
526  709.00
527  1074.00
528  1433.00
529  365.00
530  198.00
531  1480.00
532  1051.00
533  1035.00
534  1008.00
535  449.00
536  495.00
537  147.00
538  589.00
539  174.00
540  519.00
541  1551.00
542  1201.00
543  426.00
544  206.00
545  216.00
546  924.00
547  1122.00
548  665.00
549  192.00
550  1368.00
551  660.00
552  727.00
553  264.00
554  480.00
555  1421.00
556  1419.00
557  1089.00
558  1247.00
559  104.00
560  1355.00
561  197.00
562  1484.00
563  1158.00
564  1132.00
565  1245.00
566  1507.00
567  1528.00
568  1292.00
569  496.00
570  454.00
571  563.00
572  447.00
573  1555.00
574  890.00
575  905.00
576  172.00
577  214.00
578  780.00
579  1089.00
580  306.00
581  900.00
582  501.00
583  933.00
584  1065.00
585  881.00
586  1107.00
587  1236.00
588  723.00
589  1106.00
590  1240.00
591  830.00
592  1204.00
593  1476.00
594  388.00
595  1088.00
596  1121.00
597  296.00
598  1368.00
599  814.00
600  1044.00
601  222.00
602  1277.00
603  1392.00
604  530.00
605  919.00
606  1049.00
607  954.00
608  1386.00
609  229.00
610  443.00
611  1592.00
612  1382.00
613  845.00
614  1278.00
615  1199.00
616  478.00
617  1137.00
618  835.00
619  1453.00
620  643.00
621  475.00
622  683.00
623  599.00
624  703.00
625  1324.00
626  440.00
627  225.00
628  1520.00
629  560.00
630  939.00
631  964.00
632  683.00
633  968.00
634  1108.00
635  1465.00
636  640.00
637  910.00
638  819.00
639  426.00
640  1039.00
641  1514.00
642  770.00
643  1173.00
644  1111.00
645  448.00
646  772.00
647  342.00
648  337.00
649  1507.00
650  195.00
651  1233.00
652  734.00
653  1131.00
654  584.00
655  1338.00
656  855.00
657  924.00
658  1463.00
659  1127.00
660  1385.00
661  1154.00
662  491.00
663  820.00
664  874.00
665  352.00
666  685.00
667  1414.00
668  1162.00
669  256.00
670  240.00
671  953.00
672  522.00
673  911.00
674  527.00
675  386.00
676  111.00
677  1551.00
678  628.00
679  701.00
680  1459.00
681  1075.00
682  334.00
683  945.00
684  606.00
685  818.00
686  683.00
687  1361.00
688  495.00
689  898.00
690  888.00
691  632.00
692  804.00
693  132.00
694  1352.00
695  1579.00
696  736.00
697  789.00
698  245.00
699  298.00
700  1297.00
701  386.00
702  1503.00
703  219.00
704  1549.00
705  782.00
706  505.00
707  412.00
708  734.00
709  1385.00
710  1013.00
711  945.00
712  861.00
713  1599.00
714  290.00
715  1367.00
716  1170.00
717  1226.00
718  1129.00
719  1565.00
720  876.00
721  769.00
722  597.00
723  1581.00
724  801.00
725  701.00
726  1560.00
727  1437.00
728  1390.00
729  205.00
730  487.00
731  1087.00
732  843.00
733  391.00
734  1206.00
735  1144.00
736  1425.00
737  464.00
738  309.00
739  559.00
740  249.00
741  1574.00
742  256.00
743  1010.00
744  1574.00
745  447.00
746  778.00
747  1144.00
748  425.00
749  659.00
750  1461.00
751  1201.00
752  1328.00
753  458.00
754  1182.00
755  882.00
756  1059.00
757  1494.00
758  719.00
759  1201.00
760  100.00
761  1459.00
762  688.00
763  1195.00
764  250.00
765  646.00
766  740.00
767  427.00
768  1362.00
769  1301.00
770  1239.00
771  1512.00
772  1275.00
773  1395.00
774  1274.00
775  1249.00
776  594.00
777  804.00
778  1145.00
779  919.00
780  1363.00
781  1006.00
782  873.00
783  1444.00
784  216.00
785  455.00
786  726.00
787  1527.00
788  350.00
789  197.00
790  1128.00
791  702.00
792  1556.00
793  568.00
794  297.00
795  558.00
796  1467.00
797  1289.00
798  886.00
799  1229.00
800  990.00
801  525.00
802  1493.00
803  666.00
804  320.00
805  1168.00
806  667.00
807  815.00
808  372.00
809  565.00
810  486.00
811  488.00
812  323.00
813  1259.00
814  332.00
815  792.00
816  467.00
817  1310.00
818  719.00
819  717.00
820  1407.00
821  600.00
822  171.00
823  1364.00
824  1420.00
825  720.00
826  322.00
827  1287.00
828  410.00
829  1108.00
830  917.00
831  152.00
832  385.00
833  1162.00
834  1070.00
835  606.00
836  730.00
837  138.00
838  173.00
839  1355.00
840  603.00
841  911.00
842  243.00
843  1178.00
844  923.00
845  827.00
846  370.00
847  1290.00
848  537.00
849  1342.00
850  759.00
851  344.00
852  342.00
853  830.00
854  460.00
855  514.00
856  1450.00
857  683.00
858  202.00
859  612.00
860  543.00
861  1371.00
862  665.00
863  829.00
864  933.00
865  135.00
866  187.00
867  416.00
868  525.00
869  612.00
870  171.00
871  1380.00
872  1423.00
873  666.00
874  959.00
875  746.00
876  1393.00
877  1229.00
878  788.00
879  330.00
880  971.00
881  1447.00
882  926.00
883  1565.00
884  677.00
885  1287.00
886  480.00
887  528.00
888  370.00
889  934.00
890  1040.00
891  1165.00
892  1057.00
893  457.00
894  394.00
895  742.00
896  493.00
897  833.00
898  1058.00
899  918.00
900  1345.00
901  1481.00
902  699.00
903  1521.00
904  547.00
905  1558.00
906  1019.00
907  692.00
908  1539.00
909  208.00
910  922.00
911  1263.00
912  1555.00
913  249.00
914  1228.00
915  985.00
916  288.00
917  460.00
918  1413.00
919  558.00
920  146.00
921  1205.00
922  475.00
923  1103.00
924  1563.00
925  1122.00
926  598.00
927  808.00
928  355.00
929  1556.00
930  126.00
931  453.00
932  290.00
933  1077.00
934  726.00
935  1089.00
936  1387.00
937  145.00
938  182.00
939  1327.00
940  605.00
941  1356.00
942  990.00
943  913.00
944  357.00
945  970.00
946  298.00
947  545.00
948  183.00
949  111.00
950  1355.00
951  229.00
952  1568.00
953  231.00
954  1585.00
955  383.00
956  1253.00
957  583.00
958  1091.00
959  360.00
960  891.00
961  1118.00
962  713.00
963  1081.00
964  947.00
965  1339.00
966  923.00
967  735.00
968  237.00
969  1005.00
970  814.00
971  1094.00
972  1113.00
973  556.00
974  407.00
975  1371.00
976  1426.00
977  605.00
978  668.00
979  361.00
980  968.00
981  424.00
982  843.00
983  937.00
984  907.00
985  1180.00
986  1220.00
987  560.00
988  163.00
989  712.00
990  820.00
991  1306.00
992  582.00
993  286.00
994  1140.00
995  281.00
996  377.00
997  463.00
998  916.00
999  866.00
1000  1368.00
