 2  0      0 2193280 374108 3148936    0    0    16    34  140  246  7  1 90  1  0
 1  0      0 2190640 374108 3148784    0    0     0    12  837 1862 13  1 87  0  0
 1  1      0 2190172 374108 3148788    0    0     0   572  827 1994 15  1 78  6  0
 1  0      0 2192816 374108 3153252    0    0     0     0 1306 3906 16  1 80  3  0
 1  0      0 2186276 374108 3153648    0    0     0   180 1508 2972 14  1 84  1  0
 1  1      0 2141996 374108 3196392    0    0     0     8 2051 5599 15  2 77  6  0
 1  0      0 2144632 374108 3191164    0    0     0     0 3162 8086 17  2 75  6  0
 1  0      0 2133796 374108 3191860    0    0     0     0 2316 7406 17  1 80  1  0
 1  0      0 2153436 374108 3170912    0    0     0     4 1901 5761 15  1 83  1  0
 1  0      0 2151772 374108 3171192    0    0     0   316 2399 6153 15  1 81  3  0
 1  0      0 2148336 374108 3171408    0    0     0     0 1617 5126 15  1 84  1  0
 1  0      0 2147624 374108 3171524    0    0     0     0  777 4215 14  0 84  1  0
 1  0      0 2146940 374108 3171524    0    0     0     0  885 4337 15  1 83  1  0
 1  0      0 2146528 374108 3171524    0    0     0   188  914 4431 14  1 82  3  0
 1  0      0 2144832 374108 3171488    0    0     0     0  855 4348 14  0 84  1  0
 1  0      0 2145620 374108 3171504    0    0     0   472  849 4044 14  1 81  5  0
 1  0      0 2144380 374108 3171820    0    0     0     0 1546 5650 15  1 82  1  0
 1  0      0 2146988 374108 3172164    0    0     0     0  860 4578 15  1 83  1  0
 1  0      0 2149548 374108 3172124    0    0     0     0  841 4596 15  1 83  1  0
 1  0      0 2147004 374108 3172076    0    0     0     0  737 3872 14  1 84  1  0
 1  0      0 2147080 374108 3172076    0    0     0   652  953 4960 15  1 77  7  0
 2  0      0 2147036 374108 3172092    0    0     0   572 1029 5016 16  1 79  5  0
 1  0      0 2146756 374108 3172104    0    0     0     0  983 4309 15  1 84  1  0
 1  0      0 2146408 374108 3172104    0    0     0     0  989 5020 16  1 83  1  0
 1  0      0 2139272 374108 3181972    0    0     0     0 1694 5986 15  2 81  3  0
 1  1      0 2137544 374108 3182604    0    0     0    56 2479 6379 15  1 79  4  0
 1  0      0 2178712 374108 3138432    0    0     0   572 2342 7012 16  2 78  5  0
 2  0      0 2178128 374108 3136484    0    0     0     4 1404 4965 15  1 83  1  0
 1  0      0 2183088 374108 3131336    0    0     0     0  817 4082 14  1 84  1  0
 1  0      0 2183568 374108 3131152    0    0     0     0 1074 4334 15  1 83  1  0
 1  1      0 2175352 374108 3138648    0    0     0    28 1101 5873 16  1 82  1  0
